Matrix A
1, 1, 1, 1, 1, 1, 1, 1, 1, 1, 1, 1, 
1, 0.999967, 0.999938, 0.999913, 0.999895, 0.999886, 0.999886, 0.999895, 0.999913, 0.999938, 0.999967, 1, 
1, 0.999938, 0.99988, 0.999833, 0.999799, 0.999781, 0.999781, 0.999799, 0.999833, 0.99988, 0.999938, 1, 
1, 0.999913, 0.999833, 0.999766, 0.999718, 0.999694, 0.999694, 0.999718, 0.999766, 0.999833, 0.999913, 1, 
1, 0.999895, 0.999799, 0.999718, 0.999661, 0.999631, 0.999631, 0.999661, 0.999718, 0.999799, 0.999895, 1, 
1, 0.999886, 0.999781, 0.999694, 0.999631, 0.999599, 0.999599, 0.999631, 0.999694, 0.999781, 0.999886, 1, 
1, 0.999886, 0.999781, 0.999694, 0.999631, 0.999599, 0.999599, 0.999631, 0.999694, 0.999781, 0.999886, 1, 
1, 0.999895, 0.999799, 0.999718, 0.999661, 0.999631, 0.999631, 0.999661, 0.999718, 0.999799, 0.999895, 1, 
1, 0.999913, 0.999833, 0.999766, 0.999718, 0.999694, 0.999694, 0.999718, 0.999766, 0.999833, 0.999913, 1, 
1, 0.999938, 0.99988, 0.999833, 0.999799, 0.999781, 0.999781, 0.999799, 0.999833, 0.99988, 0.999938, 1, 
1, 0.999967, 0.999938, 0.999913, 0.999895, 0.999886, 0.999886, 0.999895, 0.999913, 0.999938, 0.999967, 1, 
1, 1, 1, 1, 1, 1, 1, 1, 1, 1, 1, 1, 

Matrix B
1, 1, 1, 1, 1, 1, 1, 1, 1, 1, 1, 1, 
1, 0.999966, 0.999935, 0.999909, 0.999891, 0.999881, 0.999881, 0.999891, 0.999909, 0.999935, 0.999966, 1, 
1, 0.999935, 0.999875, 0.999826, 0.99979, 0.999772, 0.999772, 0.99979, 0.999826, 0.999875, 0.999935, 1, 
1, 0.999909, 0.999826, 0.999756, 0.999707, 0.999681, 0.999681, 0.999707, 0.999756, 0.999826, 0.999909, 1, 
1, 0.999891, 0.99979, 0.999707, 0.999647, 0.999616, 0.999616, 0.999647, 0.999707, 0.99979, 0.999891, 1, 
1, 0.999881, 0.999772, 0.999681, 0.999616, 0.999582, 0.999582, 0.999616, 0.999681, 0.999772, 0.999881, 1, 
1, 0.999881, 0.999772, 0.999681, 0.999616, 0.999582, 0.999582, 0.999616, 0.999681, 0.999772, 0.999881, 1, 
1, 0.999891, 0.99979, 0.999707, 0.999647, 0.999616, 0.999616, 0.999647, 0.999707, 0.99979, 0.999891, 1, 
1, 0.999909, 0.999826, 0.999756, 0.999707, 0.999681, 0.999681, 0.999707, 0.999756, 0.999826, 0.999909, 1, 
1, 0.999935, 0.999875, 0.999826, 0.99979, 0.999772, 0.999772, 0.99979, 0.999826, 0.999875, 0.999935, 1, 
1, 0.999966, 0.999935, 0.999909, 0.999891, 0.999881, 0.999881, 0.999891, 0.999909, 0.999935, 0.999966, 1, 
1, 1, 1, 1, 1, 1, 1, 1, 1, 1, 1, 1, 
Maxdiff is: 1.69375e-05