1, 1, 1, 1, 1, 1, 1, 1, 1, 1, 1, 1, 1, 1, 1, 1, 1, 1, 1, 1, 1, 1, 1, 1, 1, 1, 1, 1, 1, 1, 1, 1, 1, 1, 1, 1, 1, 1, 1, 1, 1, 1, 1, 1, 1, 1, 1, 1, 1, 1, 1, 1, 1, 1, 1, 1, 1, 1, 1, 1, 1, 1, 1, 1, 1, 1, 1, 1, 1, 1, 1, 1, 1, 1, 1, 1, 1, 1, 1, 1, 1, 1, 1, 1, 1, 1, 1, 1, 1, 1, 1, 1, 1, 1, 1, 1, 1, 1, 1, 1, 1, 1, 1, 1, 1, 1, 1, 1, 1, 1, 1, 1, 1, 1, 1, 1, 1, 1, 1, 1, 1, 1, 1, 1, 1, 1, 1, 1, 1, 1, 1, 1, 1, 1, 1, 1, 1, 1, 1, 1, 1, 1, 1, 1, 1, 1, 1, 1, 1, 1, 1, 1, 1, 1, 1, 1, 1, 1, 1, 1, 1, 1, 1, 1, 1, 1, 1, 1, 1, 1, 1, 1, 1, 1, 1, 1, 1, 1, 1, 1, 1, 1, 1, 1, 1, 1, 1, 1, 1, 1, 1, 1, 1, 1, 1, 1, 1, 1, 1, 1, 1, 1, 
1, 0.998729, 0.99746, 0.996196, 0.99494, 0.993694, 0.99246, 0.991241, 0.990039, 0.988855, 0.987693, 0.986554, 0.98544, 0.984352, 0.983292, 0.982261, 0.981261, 0.980292, 0.979355, 0.978452, 0.977582, 0.976746, 0.975944, 0.975177, 0.974445, 0.973746, 0.973082, 0.972451, 0.971854, 0.971289, 0.970756, 0.970253, 0.969781, 0.969338, 0.968924, 0.968537, 0.968175, 0.967839, 0.967527, 0.967238, 0.96697, 0.966723, 0.966495, 0.966286, 0.966094, 0.965918, 0.965757, 0.96561, 0.965477, 0.965355, 0.965245, 0.965146, 0.965056, 0.964975, 0.964902, 0.964837, 0.964778, 0.964726, 0.964679, 0.964637, 0.9646, 0.964567, 0.964538, 0.964513, 0.96449, 0.96447, 0.964453, 0.964437, 0.964424, 0.964412, 0.964402, 0.964393, 0.964386, 0.964379, 0.964373, 0.964368, 0.964364, 0.96436, 0.964357, 0.964354, 0.964352, 0.96435, 0.964349, 0.964347, 0.964346, 0.964345, 0.964344, 0.964343, 0.964343, 0.964342, 0.964342, 0.964342, 0.964341, 0.964341, 0.964341, 0.964341, 0.964341, 0.96434, 0.96434, 0.96434, 0.96434, 0.96434, 0.96434, 0.96434, 0.96434, 0.964341, 0.964341, 0.964341, 0.964341, 0.964341, 0.964342, 0.964342, 0.964342, 0.964343, 0.964343, 0.964344, 0.964345, 0.964346, 0.964347, 0.964349, 0.96435, 0.964352, 0.964354, 0.964357, 0.96436, 0.964364, 0.964368, 0.964373, 0.964379, 0.964386, 0.964393, 0.964402, 0.964412, 0.964424, 0.964437, 0.964453, 0.96447, 0.96449, 0.964513, 0.964538, 0.964567, 0.9646, 0.964637, 0.964679, 0.964726, 0.964778, 0.964837, 0.964902, 0.964975, 0.965056, 0.965146, 0.965245, 0.965355, 0.965477, 0.96561, 0.965757, 0.965918, 0.966094, 0.966286, 0.966495, 0.966723, 0.96697, 0.967238, 0.967527, 0.967839, 0.968175, 0.968537, 0.968924, 0.969338, 0.969781, 0.970253, 0.970756, 0.971289, 0.971854, 0.972451, 0.973082, 0.973746, 0.974445, 0.975177, 0.975944, 0.976746, 0.977582, 0.978452, 0.979355, 0.980292, 0.981261, 0.982261, 0.983292, 0.984352, 0.98544, 0.986554, 0.987693, 0.988855, 0.990039, 0.991241, 0.99246, 0.993694, 0.99494, 0.996196, 0.99746, 0.998729, 1, 
1, 0.99746, 0.994925, 0.9924, 0.98989, 0.9874, 0.984935, 0.982499, 0.980097, 0.977733, 0.975411, 0.973135, 0.970909, 0.968735, 0.966617, 0.964558, 0.962559, 0.960623, 0.958751, 0.956946, 0.955208, 0.953538, 0.951937, 0.950404, 0.948941, 0.947545, 0.946218, 0.944958, 0.943764, 0.942635, 0.94157, 0.940566, 0.939623, 0.938738, 0.93791, 0.937136, 0.936414, 0.935743, 0.935119, 0.934541, 0.934006, 0.933512, 0.933057, 0.932639, 0.932255, 0.931904, 0.931582, 0.931289, 0.931022, 0.93078, 0.93056, 0.930361, 0.930182, 0.93002, 0.929874, 0.929744, 0.929626, 0.929522, 0.929428, 0.929345, 0.929271, 0.929206, 0.929148, 0.929096, 0.929051, 0.929011, 0.928976, 0.928946, 0.928919, 0.928896, 0.928875, 0.928858, 0.928842, 0.928829, 0.928817, 0.928808, 0.928799, 0.928792, 0.928785, 0.92878, 0.928775, 0.928772, 0.928768, 0.928765, 0.928763, 0.928761, 0.928759, 0.928758, 0.928757, 0.928756, 0.928755, 0.928754, 0.928754, 0.928753, 0.928753, 0.928752, 0.928752, 0.928752, 0.928752, 0.928752, 0.928752, 0.928752, 0.928752, 0.928752, 0.928752, 0.928752, 0.928752, 0.928753, 0.928753, 0.928754, 0.928754, 0.928755, 0.928756, 0.928757, 0.928758, 0.928759, 0.928761, 0.928763, 0.928765, 0.928768, 0.928772, 0.928775, 0.92878, 0.928785, 0.928792, 0.928799, 0.928808, 0.928817, 0.928829, 0.928842, 0.928858, 0.928875, 0.928896, 0.928919, 0.928946, 0.928976, 0.929011, 0.929051, 0.929096, 0.929148, 0.929206, 0.929271, 0.929345, 0.929428, 0.929522, 0.929626, 0.929744, 0.929874, 0.93002, 0.930182, 0.930361, 0.93056, 0.93078, 0.931022, 0.931289, 0.931582, 0.931904, 0.932255, 0.932639, 0.933057, 0.933512, 0.934006, 0.934541, 0.935119, 0.935743, 0.936414, 0.937136, 0.93791, 0.938738, 0.939623, 0.940566, 0.94157, 0.942635, 0.943764, 0.944958, 0.946218, 0.947545, 0.948941, 0.950404, 0.951937, 0.953538, 0.955208, 0.956946, 0.958751, 0.960623, 0.962559, 0.964558, 0.966617, 0.968735, 0.970909, 0.973135, 0.975411, 0.977733, 0.980097, 0.982499, 0.984935, 0.9874, 0.98989, 0.9924, 0.994925, 0.99746, 1, 
1, 0.996196, 0.9924, 0.988619, 0.98486, 0.981131, 0.97744, 0.973792, 0.970195, 0.966655, 0.963178, 0.95977, 0.956436, 0.953181, 0.950009, 0.946925, 0.943931, 0.941032, 0.93823, 0.935527, 0.932924, 0.930423, 0.928025, 0.92573, 0.923538, 0.921449, 0.919461, 0.917574, 0.915786, 0.914095, 0.9125, 0.910997, 0.909585, 0.90826, 0.907019, 0.90586, 0.90478, 0.903774, 0.90284, 0.901974, 0.901173, 0.900434, 0.899753, 0.899126, 0.898551, 0.898025, 0.897544, 0.897105, 0.896705, 0.896342, 0.896013, 0.895716, 0.895447, 0.895204, 0.894986, 0.89479, 0.894615, 0.894458, 0.894318, 0.894194, 0.894083, 0.893985, 0.893898, 0.893821, 0.893753, 0.893694, 0.893642, 0.893596, 0.893556, 0.893521, 0.89349, 0.893464, 0.893441, 0.893421, 0.893404, 0.893389, 0.893376, 0.893365, 0.893356, 0.893348, 0.893341, 0.893335, 0.89333, 0.893326, 0.893322, 0.893319, 0.893317, 0.893314, 0.893313, 0.893311, 0.89331, 0.893309, 0.893308, 0.893307, 0.893307, 0.893306, 0.893306, 0.893306, 0.893305, 0.893305, 0.893305, 0.893305, 0.893305, 0.893305, 0.893306, 0.893306, 0.893306, 0.893307, 0.893307, 0.893308, 0.893309, 0.89331, 0.893311, 0.893313, 0.893314, 0.893317, 0.893319, 0.893322, 0.893326, 0.89333, 0.893335, 0.893341, 0.893348, 0.893356, 0.893365, 0.893376, 0.893389, 0.893404, 0.893421, 0.893441, 0.893464, 0.89349, 0.893521, 0.893556, 0.893596, 0.893642, 0.893694, 0.893753, 0.893821, 0.893898, 0.893985, 0.894083, 0.894194, 0.894318, 0.894458, 0.894615, 0.89479, 0.894986, 0.895204, 0.895447, 0.895716, 0.896013, 0.896342, 0.896705, 0.897105, 0.897544, 0.898025, 0.898551, 0.899126, 0.899753, 0.900434, 0.901173, 0.901974, 0.90284, 0.903774, 0.90478, 0.90586, 0.907019, 0.90826, 0.909585, 0.910997, 0.9125, 0.914095, 0.915786, 0.917574, 0.919461, 0.921449, 0.923538, 0.92573, 0.928025, 0.930423, 0.932924, 0.935527, 0.93823, 0.941032, 0.943931, 0.946925, 0.950009, 0.953181, 0.956436, 0.95977, 0.963178, 0.966655, 0.970195, 0.973792, 0.97744, 0.981131, 0.98486, 0.988619, 0.9924, 0.996196, 1, 
1, 0.99494, 0.98989, 0.98486, 0.97986, 0.9749, 0.96999, 0.965137, 0.960352, 0.955643, 0.951018, 0.946485, 0.942049, 0.937719, 0.9335, 0.929397, 0.925415, 0.921559, 0.917831, 0.914235, 0.910773, 0.907446, 0.904256, 0.901203, 0.898287, 0.895508, 0.892864, 0.890354, 0.887975, 0.885726, 0.883604, 0.881605, 0.879726, 0.877964, 0.876313, 0.874772, 0.873334, 0.871996, 0.870754, 0.869602, 0.868537, 0.867553, 0.866647, 0.865814, 0.865049, 0.864349, 0.863709, 0.863125, 0.862594, 0.862111, 0.861673, 0.861277, 0.860919, 0.860596, 0.860306, 0.860046, 0.859813, 0.859604, 0.859418, 0.859252, 0.859105, 0.858975, 0.858859, 0.858757, 0.858667, 0.858587, 0.858518, 0.858457, 0.858404, 0.858357, 0.858316, 0.858281, 0.858251, 0.858224, 0.858201, 0.858182, 0.858165, 0.85815, 0.858137, 0.858127, 0.858118, 0.85811, 0.858103, 0.858098, 0.858093, 0.858089, 0.858085, 0.858083, 0.85808, 0.858078, 0.858077, 0.858075, 0.858074, 0.858073, 0.858072, 0.858072, 0.858071, 0.858071, 0.858071, 0.85807, 0.85807, 0.85807, 0.85807, 0.858071, 0.858071, 0.858071, 0.858072, 0.858072, 0.858073, 0.858074, 0.858075, 0.858077, 0.858078, 0.85808, 0.858083, 0.858085, 0.858089, 0.858093, 0.858098, 0.858103, 0.85811, 0.858118, 0.858127, 0.858137, 0.85815, 0.858165, 0.858182, 0.858201, 0.858224, 0.858251, 0.858281, 0.858316, 0.858357, 0.858404, 0.858457, 0.858518, 0.858587, 0.858667, 0.858757, 0.858859, 0.858975, 0.859105, 0.859252, 0.859418, 0.859604, 0.859813, 0.860046, 0.860306, 0.860596, 0.860919, 0.861277, 0.861673, 0.862111, 0.862594, 0.863125, 0.863709, 0.864349, 0.865049, 0.865814, 0.866647, 0.867553, 0.868537, 0.869602, 0.870754, 0.871996, 0.873334, 0.874772, 0.876313, 0.877964, 0.879726, 0.881605, 0.883604, 0.885726, 0.887975, 0.890354, 0.892864, 0.895508, 0.898287, 0.901203, 0.904256, 0.907446, 0.910773, 0.914235, 0.917831, 0.921559, 0.925415, 0.929397, 0.9335, 0.937719, 0.942049, 0.946485, 0.951018, 0.955643, 0.960352, 0.965137, 0.96999, 0.9749, 0.97986, 0.98486, 0.98989, 0.99494, 1, 
1, 0.993694, 0.9874, 0.981131, 0.9749, 0.968719, 0.962599, 0.956551, 0.950588, 0.944719, 0.938955, 0.933305, 0.927777, 0.922381, 0.917122, 0.912009, 0.907047, 0.90224, 0.897594, 0.893113, 0.888798, 0.884652, 0.880676, 0.876871, 0.873237, 0.869773, 0.866478, 0.86335, 0.860386, 0.857583, 0.854938, 0.852447, 0.850105, 0.847908, 0.845852, 0.84393, 0.842139, 0.840471, 0.838923, 0.837488, 0.83616, 0.834934, 0.833805, 0.832766, 0.831814, 0.830941, 0.830143, 0.829416, 0.828753, 0.828151, 0.827606, 0.827112, 0.826666, 0.826264, 0.825903, 0.825578, 0.825288, 0.825028, 0.824796, 0.824589, 0.824406, 0.824243, 0.824099, 0.823971, 0.823859, 0.82376, 0.823674, 0.823598, 0.823531, 0.823473, 0.823423, 0.823379, 0.823341, 0.823308, 0.823279, 0.823255, 0.823233, 0.823215, 0.8232, 0.823186, 0.823175, 0.823165, 0.823157, 0.82315, 0.823144, 0.823139, 0.823135, 0.823131, 0.823128, 0.823126, 0.823124, 0.823122, 0.823121, 0.82312, 0.823119, 0.823118, 0.823117, 0.823117, 0.823116, 0.823116, 0.823116, 0.823116, 0.823116, 0.823116, 0.823117, 0.823117, 0.823118, 0.823119, 0.82312, 0.823121, 0.823122, 0.823124, 0.823126, 0.823128, 0.823131, 0.823135, 0.823139, 0.823144, 0.82315, 0.823157, 0.823165, 0.823175, 0.823186, 0.8232, 0.823215, 0.823233, 0.823255, 0.823279, 0.823308, 0.823341, 0.823379, 0.823423, 0.823473, 0.823531, 0.823598, 0.823674, 0.82376, 0.823859, 0.823971, 0.824099, 0.824243, 0.824406, 0.824589, 0.824796, 0.825028, 0.825288, 0.825578, 0.825903, 0.826264, 0.826666, 0.827112, 0.827606, 0.828151, 0.828753, 0.829416, 0.830143, 0.830941, 0.831814, 0.832766, 0.833805, 0.834934, 0.83616, 0.837488, 0.838923, 0.840471, 0.842139, 0.84393, 0.845852, 0.847908, 0.850105, 0.852447, 0.854938, 0.857583, 0.860386, 0.86335, 0.866478, 0.869773, 0.873237, 0.876871, 0.880676, 0.884652, 0.888798, 0.893113, 0.897594, 0.90224, 0.907047, 0.912009, 0.917122, 0.922381, 0.927777, 0.933305, 0.938955, 0.944719, 0.950588, 0.956551, 0.962599, 0.968719, 0.9749, 0.981131, 0.9874, 0.993694, 1, 
1, 0.99246, 0.984935, 0.97744, 0.96999, 0.962599, 0.955281, 0.948051, 0.940921, 0.933904, 0.927012, 0.920256, 0.913647, 0.907195, 0.900907, 0.894794, 0.88886, 0.883114, 0.877559, 0.8722, 0.867041, 0.862084, 0.85733, 0.852781, 0.848436, 0.844295, 0.840355, 0.836615, 0.833071, 0.829719, 0.826557, 0.823578, 0.820778, 0.818152, 0.815693, 0.813396, 0.811254, 0.80926, 0.807408, 0.805692, 0.804105, 0.802639, 0.801289, 0.800048, 0.798908, 0.797865, 0.796911, 0.796041, 0.795249, 0.79453, 0.793877, 0.793287, 0.792754, 0.792273, 0.791841, 0.791453, 0.791106, 0.790795, 0.790518, 0.790271, 0.790051, 0.789856, 0.789684, 0.789532, 0.789398, 0.78928, 0.789176, 0.789085, 0.789006, 0.788936, 0.788876, 0.788823, 0.788778, 0.788738, 0.788704, 0.788675, 0.78865, 0.788628, 0.788609, 0.788593, 0.78858, 0.788568, 0.788558, 0.78855, 0.788543, 0.788537, 0.788532, 0.788528, 0.788524, 0.788521, 0.788519, 0.788516, 0.788515, 0.788513, 0.788512, 0.788511, 0.788511, 0.78851, 0.78851, 0.788509, 0.788509, 0.788509, 0.788509, 0.78851, 0.78851, 0.788511, 0.788511, 0.788512, 0.788513, 0.788515, 0.788516, 0.788519, 0.788521, 0.788524, 0.788528, 0.788532, 0.788537, 0.788543, 0.78855, 0.788558, 0.788568, 0.78858, 0.788593, 0.788609, 0.788628, 0.78865, 0.788675, 0.788704, 0.788738, 0.788778, 0.788823, 0.788876, 0.788936, 0.789006, 0.789085, 0.789176, 0.78928, 0.789398, 0.789532, 0.789684, 0.789856, 0.790051, 0.790271, 0.790518, 0.790795, 0.791106, 0.791453, 0.791841, 0.792273, 0.792754, 0.793287, 0.793877, 0.79453, 0.795249, 0.796041, 0.796911, 0.797865, 0.798908, 0.800048, 0.801289, 0.802639, 0.804105, 0.805692, 0.807408, 0.80926, 0.811254, 0.813396, 0.815693, 0.818152, 0.820778, 0.823578, 0.826557, 0.829719, 0.833071, 0.836615, 0.840355, 0.844295, 0.848436, 0.852781, 0.85733, 0.862084, 0.867041, 0.8722, 0.877559, 0.883114, 0.88886, 0.894794, 0.900907, 0.907195, 0.913647, 0.920256, 0.927012, 0.933904, 0.940921, 0.948051, 0.955281, 0.962599, 0.96999, 0.97744, 0.984935, 0.99246, 1, 
1, 0.991241, 0.982499, 0.973792, 0.965137, 0.956551, 0.948051, 0.939651, 0.931368, 0.923217, 0.915211, 0.907362, 0.899685, 0.892189, 0.884886, 0.877783, 0.870891, 0.864215, 0.857762, 0.851537, 0.845544, 0.839785, 0.834263, 0.828978, 0.823931, 0.81912, 0.814543, 0.810198, 0.806081, 0.802188, 0.798514, 0.795054, 0.791801, 0.78875, 0.785894, 0.783225, 0.780736, 0.77842, 0.77627, 0.774276, 0.772432, 0.770729, 0.769161, 0.767718, 0.766395, 0.765183, 0.764075, 0.763064, 0.762144, 0.761309, 0.760551, 0.759865, 0.759246, 0.758687, 0.758185, 0.757735, 0.757331, 0.75697, 0.756648, 0.756361, 0.756106, 0.75588, 0.75568, 0.755503, 0.755347, 0.75521, 0.755089, 0.754984, 0.754892, 0.754811, 0.754741, 0.75468, 0.754627, 0.754581, 0.754541, 0.754507, 0.754478, 0.754453, 0.754431, 0.754412, 0.754397, 0.754383, 0.754372, 0.754362, 0.754354, 0.754347, 0.754341, 0.754336, 0.754332, 0.754328, 0.754326, 0.754323, 0.754321, 0.75432, 0.754318, 0.754317, 0.754316, 0.754316, 0.754315, 0.754315, 0.754315, 0.754315, 0.754315, 0.754315, 0.754316, 0.754316, 0.754317, 0.754318, 0.75432, 0.754321, 0.754323, 0.754326, 0.754328, 0.754332, 0.754336, 0.754341, 0.754347, 0.754354, 0.754362, 0.754372, 0.754383, 0.754397, 0.754412, 0.754431, 0.754453, 0.754478, 0.754507, 0.754541, 0.754581, 0.754627, 0.75468, 0.754741, 0.754811, 0.754892, 0.754984, 0.755089, 0.75521, 0.755347, 0.755503, 0.75568, 0.75588, 0.756106, 0.756361, 0.756648, 0.75697, 0.757331, 0.757735, 0.758185, 0.758687, 0.759246, 0.759865, 0.760551, 0.761309, 0.762144, 0.763064, 0.764075, 0.765183, 0.766395, 0.767718, 0.769161, 0.770729, 0.772432, 0.774276, 0.77627, 0.77842, 0.780736, 0.783225, 0.785894, 0.78875, 0.791801, 0.795054, 0.798514, 0.802188, 0.806081, 0.810198, 0.814543, 0.81912, 0.823931, 0.828978, 0.834263, 0.839785, 0.845544, 0.851537, 0.857762, 0.864215, 0.870891, 0.877783, 0.884886, 0.892189, 0.899685, 0.907362, 0.915211, 0.923217, 0.931368, 0.939651, 0.948051, 0.956551, 0.965137, 0.973792, 0.982499, 0.991241, 1, 
1, 0.990039, 0.980097, 0.970195, 0.960352, 0.950588, 0.940921, 0.931368, 0.921949, 0.912678, 0.903573, 0.894648, 0.885917, 0.877392, 0.869086, 0.861009, 0.853171, 0.845579, 0.83824, 0.831161, 0.824345, 0.817796, 0.811516, 0.805506, 0.799766, 0.794294, 0.789089, 0.784148, 0.779466, 0.775038, 0.77086, 0.766925, 0.763226, 0.759756, 0.756508, 0.753473, 0.750643, 0.748009, 0.745563, 0.743296, 0.741199, 0.739263, 0.737479, 0.735838, 0.734333, 0.732955, 0.731695, 0.730546, 0.729499, 0.728549, 0.727687, 0.726907, 0.726203, 0.725568, 0.724997, 0.724484, 0.724025, 0.723615, 0.723248, 0.722922, 0.722632, 0.722375, 0.722147, 0.721946, 0.721769, 0.721613, 0.721476, 0.721356, 0.721251, 0.721159, 0.72108, 0.72101, 0.72095, 0.720898, 0.720853, 0.720814, 0.720781, 0.720752, 0.720727, 0.720706, 0.720688, 0.720673, 0.72066, 0.720649, 0.72064, 0.720632, 0.720625, 0.720619, 0.720615, 0.720611, 0.720608, 0.720605, 0.720603, 0.720601, 0.720599, 0.720598, 0.720597, 0.720596, 0.720596, 0.720595, 0.720595, 0.720595, 0.720595, 0.720596, 0.720596, 0.720597, 0.720598, 0.720599, 0.720601, 0.720603, 0.720605, 0.720608, 0.720611, 0.720615, 0.720619, 0.720625, 0.720632, 0.72064, 0.720649, 0.72066, 0.720673, 0.720688, 0.720706, 0.720727, 0.720752, 0.720781, 0.720814, 0.720853, 0.720898, 0.72095, 0.72101, 0.72108, 0.721159, 0.721251, 0.721356, 0.721476, 0.721613, 0.721769, 0.721946, 0.722147, 0.722375, 0.722632, 0.722922, 0.723248, 0.723615, 0.724025, 0.724484, 0.724997, 0.725568, 0.726203, 0.726907, 0.727687, 0.728549, 0.729499, 0.730546, 0.731695, 0.732955, 0.734333, 0.735838, 0.737479, 0.739263, 0.741199, 0.743296, 0.745563, 0.748009, 0.750643, 0.753473, 0.756508, 0.759756, 0.763226, 0.766925, 0.77086, 0.775038, 0.779466, 0.784148, 0.789089, 0.794294, 0.799766, 0.805506, 0.811516, 0.817796, 0.824345, 0.831161, 0.83824, 0.845579, 0.853171, 0.861009, 0.869086, 0.877392, 0.885917, 0.894648, 0.903573, 0.912678, 0.921949, 0.931368, 0.940921, 0.950588, 0.960352, 0.970195, 0.980097, 0.990039, 1, 
1, 0.988855, 0.977733, 0.966655, 0.955643, 0.944719, 0.933904, 0.923217, 0.912678, 0.902307, 0.89212, 0.882135, 0.872367, 0.86283, 0.853537, 0.844501, 0.835731, 0.827238, 0.819027, 0.811107, 0.803482, 0.796155, 0.789129, 0.782405, 0.775983, 0.769862, 0.764039, 0.758511, 0.753273, 0.748319, 0.743645, 0.739242, 0.735104, 0.731222, 0.727588, 0.724193, 0.721026, 0.71808, 0.715343, 0.712807, 0.710461, 0.708295, 0.706299, 0.704464, 0.70278, 0.701238, 0.699828, 0.698542, 0.697372, 0.696308, 0.695344, 0.694472, 0.693684, 0.692974, 0.692335, 0.691761, 0.691248, 0.690788, 0.690379, 0.690014, 0.689689, 0.689402, 0.689147, 0.688922, 0.688724, 0.688549, 0.688396, 0.688262, 0.688144, 0.688042, 0.687952, 0.687875, 0.687807, 0.687749, 0.687699, 0.687655, 0.687618, 0.687586, 0.687558, 0.687535, 0.687515, 0.687497, 0.687483, 0.68747, 0.68746, 0.687451, 0.687444, 0.687437, 0.687432, 0.687428, 0.687424, 0.687421, 0.687419, 0.687417, 0.687415, 0.687414, 0.687412, 0.687412, 0.687411, 0.687411, 0.687411, 0.687411, 0.687411, 0.687411, 0.687412, 0.687412, 0.687414, 0.687415, 0.687417, 0.687419, 0.687421, 0.687424, 0.687428, 0.687432, 0.687437, 0.687444, 0.687451, 0.68746, 0.68747, 0.687483, 0.687497, 0.687515, 0.687535, 0.687558, 0.687586, 0.687618, 0.687655, 0.687699, 0.687749, 0.687807, 0.687875, 0.687952, 0.688042, 0.688144, 0.688262, 0.688396, 0.688549, 0.688724, 0.688922, 0.689147, 0.689402, 0.689689, 0.690014, 0.690379, 0.690788, 0.691248, 0.691761, 0.692335, 0.692974, 0.693684, 0.694472, 0.695344, 0.696308, 0.697372, 0.698542, 0.699828, 0.701238, 0.70278, 0.704464, 0.706299, 0.708295, 0.710461, 0.712807, 0.715343, 0.71808, 0.721026, 0.724193, 0.727588, 0.731222, 0.735104, 0.739242, 0.743645, 0.748319, 0.753273, 0.758511, 0.764039, 0.769862, 0.775983, 0.782405, 0.789129, 0.796155, 0.803482, 0.811107, 0.819027, 0.827238, 0.835731, 0.844501, 0.853537, 0.86283, 0.872367, 0.882135, 0.89212, 0.902307, 0.912678, 0.923217, 0.933904, 0.944719, 0.955643, 0.966655, 0.977733, 0.988855, 1, 
1, 0.987693, 0.975411, 0.963178, 0.951018, 0.938955, 0.927012, 0.915211, 0.903573, 0.89212, 0.880871, 0.869845, 0.859058, 0.848527, 0.838265, 0.828287, 0.818603, 0.809223, 0.800157, 0.791411, 0.78299, 0.7749, 0.767141, 0.759716, 0.752625, 0.745865, 0.739435, 0.73333, 0.727546, 0.722076, 0.716914, 0.712053, 0.707483, 0.703197, 0.699184, 0.695434, 0.691938, 0.688684, 0.685662, 0.682861, 0.68027, 0.677878, 0.675675, 0.673648, 0.671789, 0.670086, 0.668529, 0.667109, 0.665817, 0.664643, 0.663578, 0.662614, 0.661744, 0.66096, 0.660255, 0.659622, 0.659054, 0.658547, 0.658095, 0.657692, 0.657333, 0.657016, 0.656735, 0.656486, 0.656267, 0.656074, 0.655905, 0.655757, 0.655627, 0.655514, 0.655415, 0.65533, 0.655255, 0.655191, 0.655135, 0.655087, 0.655046, 0.655011, 0.65498, 0.654954, 0.654932, 0.654913, 0.654897, 0.654883, 0.654872, 0.654862, 0.654854, 0.654847, 0.654841, 0.654836, 0.654832, 0.654829, 0.654826, 0.654824, 0.654822, 0.65482, 0.654819, 0.654818, 0.654818, 0.654817, 0.654817, 0.654817, 0.654817, 0.654818, 0.654818, 0.654819, 0.65482, 0.654822, 0.654824, 0.654826, 0.654829, 0.654832, 0.654836, 0.654841, 0.654847, 0.654854, 0.654862, 0.654872, 0.654883, 0.654897, 0.654913, 0.654932, 0.654954, 0.65498, 0.655011, 0.655046, 0.655087, 0.655135, 0.655191, 0.655255, 0.65533, 0.655415, 0.655514, 0.655627, 0.655757, 0.655905, 0.656074, 0.656267, 0.656486, 0.656735, 0.657016, 0.657333, 0.657692, 0.658095, 0.658547, 0.659054, 0.659622, 0.660255, 0.66096, 0.661744, 0.662614, 0.663578, 0.664643, 0.665817, 0.667109, 0.668529, 0.670086, 0.671789, 0.673648, 0.675675, 0.677878, 0.68027, 0.682861, 0.685662, 0.688684, 0.691938, 0.695434, 0.699184, 0.703197, 0.707483, 0.712053, 0.716914, 0.722076, 0.727546, 0.73333, 0.739435, 0.745865, 0.752625, 0.759716, 0.767141, 0.7749, 0.78299, 0.791411, 0.800157, 0.809223, 0.818603, 0.828287, 0.838265, 0.848527, 0.859058, 0.869845, 0.880871, 0.89212, 0.903573, 0.915211, 0.927012, 0.938955, 0.951018, 0.963178, 0.975411, 0.987693, 1, 
1, 0.986554, 0.973135, 0.95977, 0.946485, 0.933305, 0.920256, 0.907362, 0.894648, 0.882135, 0.869845, 0.857798, 0.846013, 0.834507, 0.823295, 0.812393, 0.801813, 0.791565, 0.78166, 0.772104, 0.762904, 0.754065, 0.745588, 0.737476, 0.729728, 0.722343, 0.715318, 0.708648, 0.702328, 0.696352, 0.690713, 0.685401, 0.680409, 0.675725, 0.671341, 0.667244, 0.663424, 0.65987, 0.656568, 0.653508, 0.650677, 0.648064, 0.645656, 0.643442, 0.641411, 0.63955, 0.63785, 0.636298, 0.634886, 0.633603, 0.63244, 0.631387, 0.630437, 0.62958, 0.628809, 0.628118, 0.627498, 0.626944, 0.626449, 0.626009, 0.625618, 0.625271, 0.624963, 0.624692, 0.624453, 0.624242, 0.624057, 0.623895, 0.623754, 0.62363, 0.623522, 0.623429, 0.623347, 0.623277, 0.623216, 0.623164, 0.623119, 0.62308, 0.623047, 0.623018, 0.622994, 0.622973, 0.622956, 0.622941, 0.622928, 0.622918, 0.622909, 0.622901, 0.622895, 0.622889, 0.622885, 0.622881, 0.622878, 0.622876, 0.622874, 0.622872, 0.622871, 0.62287, 0.622869, 0.622869, 0.622868, 0.622868, 0.622869, 0.622869, 0.62287, 0.622871, 0.622872, 0.622874, 0.622876, 0.622878, 0.622881, 0.622885, 0.622889, 0.622895, 0.622901, 0.622909, 0.622918, 0.622928, 0.622941, 0.622956, 0.622973, 0.622994, 0.623018, 0.623047, 0.62308, 0.623119, 0.623164, 0.623216, 0.623277, 0.623347, 0.623429, 0.623522, 0.62363, 0.623754, 0.623895, 0.624057, 0.624242, 0.624453, 0.624692, 0.624963, 0.625271, 0.625618, 0.626009, 0.626449, 0.626944, 0.627498, 0.628118, 0.628809, 0.62958, 0.630437, 0.631387, 0.63244, 0.633603, 0.634886, 0.636298, 0.63785, 0.63955, 0.641411, 0.643442, 0.645656, 0.648064, 0.650677, 0.653508, 0.656568, 0.65987, 0.663424, 0.667244, 0.671341, 0.675725, 0.680409, 0.685401, 0.690713, 0.696352, 0.702328, 0.708648, 0.715318, 0.722343, 0.729728, 0.737476, 0.745588, 0.754065, 0.762904, 0.772104, 0.78166, 0.791565, 0.801813, 0.812393, 0.823295, 0.834507, 0.846013, 0.857798, 0.869845, 0.882135, 0.894648, 0.907362, 0.920256, 0.933305, 0.946485, 0.95977, 0.973135, 0.986554, 1, 
1, 0.98544, 0.970909, 0.956436, 0.942049, 0.927777, 0.913647, 0.899685, 0.885917, 0.872367, 0.859058, 0.846013, 0.833251, 0.820791, 0.808651, 0.796845, 0.785388, 0.774291, 0.763565, 0.753217, 0.743255, 0.733683, 0.724504, 0.715719, 0.707329, 0.699332, 0.691725, 0.684502, 0.677659, 0.671187, 0.665081, 0.659329, 0.653923, 0.648851, 0.644103, 0.639667, 0.635531, 0.631681, 0.628106, 0.624793, 0.621727, 0.618897, 0.61629, 0.613893, 0.611693, 0.609678, 0.607837, 0.606157, 0.604628, 0.603239, 0.601979, 0.600839, 0.59981, 0.598882, 0.598047, 0.597298, 0.596627, 0.596027, 0.595492, 0.595015, 0.594591, 0.594215, 0.593883, 0.593589, 0.59333, 0.593102, 0.592902, 0.592726, 0.592573, 0.592439, 0.592322, 0.592221, 0.592133, 0.592057, 0.591991, 0.591934, 0.591885, 0.591843, 0.591807, 0.591777, 0.59175, 0.591728, 0.591709, 0.591693, 0.591679, 0.591667, 0.591658, 0.59165, 0.591643, 0.591637, 0.591632, 0.591628, 0.591625, 0.591622, 0.59162, 0.591618, 0.591617, 0.591616, 0.591615, 0.591615, 0.591614, 0.591614, 0.591615, 0.591615, 0.591616, 0.591617, 0.591618, 0.59162, 0.591622, 0.591625, 0.591628, 0.591632, 0.591637, 0.591643, 0.59165, 0.591658, 0.591667, 0.591679, 0.591693, 0.591709, 0.591728, 0.59175, 0.591777, 0.591807, 0.591843, 0.591885, 0.591934, 0.591991, 0.592057, 0.592133, 0.592221, 0.592322, 0.592439, 0.592573, 0.592726, 0.592902, 0.593102, 0.59333, 0.593589, 0.593883, 0.594215, 0.594591, 0.595015, 0.595492, 0.596027, 0.596627, 0.597298, 0.598047, 0.598882, 0.59981, 0.600839, 0.601979, 0.603239, 0.604628, 0.606157, 0.607837, 0.609678, 0.611693, 0.613893, 0.61629, 0.618897, 0.621727, 0.624793, 0.628106, 0.631681, 0.635531, 0.639667, 0.644103, 0.648851, 0.653923, 0.659329, 0.665081, 0.671187, 0.677659, 0.684502, 0.691725, 0.699332, 0.707329, 0.715719, 0.724504, 0.733683, 0.743255, 0.753217, 0.763565, 0.774291, 0.785388, 0.796845, 0.808651, 0.820791, 0.833251, 0.846013, 0.859058, 0.872367, 0.885917, 0.899685, 0.913647, 0.927777, 0.942049, 0.956436, 0.970909, 0.98544, 1, 
1, 0.984352, 0.968735, 0.953181, 0.937719, 0.922381, 0.907195, 0.892189, 0.877392, 0.86283, 0.848527, 0.834507, 0.820791, 0.8074, 0.794353, 0.781665, 0.769352, 0.757426, 0.745898, 0.734777, 0.724071, 0.713783, 0.703918, 0.694478, 0.685461, 0.676866, 0.66869, 0.660928, 0.653573, 0.646619, 0.640055, 0.633874, 0.628064, 0.622613, 0.617511, 0.612743, 0.608298, 0.604161, 0.600319, 0.596757, 0.593463, 0.590422, 0.58762, 0.585043, 0.582679, 0.580514, 0.578535, 0.57673, 0.575086, 0.573593, 0.572239, 0.571014, 0.569908, 0.568911, 0.568014, 0.567209, 0.566488, 0.565843, 0.565268, 0.564755, 0.5643, 0.563896, 0.563539, 0.563223, 0.562944, 0.562699, 0.562484, 0.562296, 0.562131, 0.561987, 0.561861, 0.561752, 0.561658, 0.561576, 0.561505, 0.561444, 0.561392, 0.561347, 0.561308, 0.561275, 0.561247, 0.561223, 0.561202, 0.561185, 0.56117, 0.561158, 0.561147, 0.561139, 0.561131, 0.561125, 0.56112, 0.561116, 0.561112, 0.561109, 0.561107, 0.561105, 0.561104, 0.561102, 0.561102, 0.561101, 0.561101, 0.561101, 0.561101, 0.561102, 0.561102, 0.561104, 0.561105, 0.561107, 0.561109, 0.561112, 0.561116, 0.56112, 0.561125, 0.561131, 0.561139, 0.561147, 0.561158, 0.56117, 0.561185, 0.561202, 0.561223, 0.561247, 0.561275, 0.561308, 0.561347, 0.561392, 0.561444, 0.561505, 0.561576, 0.561658, 0.561752, 0.561861, 0.561987, 0.562131, 0.562296, 0.562484, 0.562699, 0.562944, 0.563223, 0.563539, 0.563896, 0.5643, 0.564755, 0.565268, 0.565843, 0.566488, 0.567209, 0.568014, 0.568911, 0.569908, 0.571014, 0.572239, 0.573593, 0.575086, 0.57673, 0.578535, 0.580514, 0.582679, 0.585043, 0.58762, 0.590422, 0.593463, 0.596757, 0.600319, 0.604161, 0.608298, 0.612743, 0.617511, 0.622613, 0.628064, 0.633874, 0.640055, 0.646619, 0.653573, 0.660928, 0.66869, 0.676866, 0.685461, 0.694478, 0.703918, 0.713783, 0.724071, 0.734777, 0.745898, 0.757426, 0.769352, 0.781665, 0.794353, 0.8074, 0.820791, 0.834507, 0.848527, 0.86283, 0.877392, 0.892189, 0.907195, 0.922381, 0.937719, 0.953181, 0.968735, 0.984352, 1, 
1, 0.983292, 0.966617, 0.950009, 0.9335, 0.917122, 0.900907, 0.884886, 0.869086, 0.853537, 0.838265, 0.823295, 0.808651, 0.794353, 0.780421, 0.766874, 0.753727, 0.740993, 0.728684, 0.71681, 0.705378, 0.694394, 0.683861, 0.673781, 0.664153, 0.654976, 0.646246, 0.637958, 0.630105, 0.62268, 0.615672, 0.609072, 0.602868, 0.597049, 0.5916, 0.58651, 0.581763, 0.577346, 0.573243, 0.569441, 0.565924, 0.562676, 0.559685, 0.556934, 0.554409, 0.552097, 0.549984, 0.548057, 0.546302, 0.544708, 0.543262, 0.541955, 0.540773, 0.539709, 0.538751, 0.537892, 0.537122, 0.536433, 0.535819, 0.535272, 0.534785, 0.534354, 0.533972, 0.533635, 0.533338, 0.533076, 0.532847, 0.532645, 0.532469, 0.532316, 0.532182, 0.532065, 0.531964, 0.531877, 0.531801, 0.531736, 0.53168, 0.531632, 0.531591, 0.531556, 0.531525, 0.5315, 0.531478, 0.531459, 0.531444, 0.53143, 0.531419, 0.53141, 0.531402, 0.531395, 0.53139, 0.531385, 0.531382, 0.531379, 0.531376, 0.531374, 0.531372, 0.531371, 0.53137, 0.53137, 0.53137, 0.53137, 0.53137, 0.53137, 0.531371, 0.531372, 0.531374, 0.531376, 0.531379, 0.531382, 0.531385, 0.53139, 0.531395, 0.531402, 0.53141, 0.531419, 0.53143, 0.531444, 0.531459, 0.531478, 0.5315, 0.531525, 0.531556, 0.531591, 0.531632, 0.53168, 0.531736, 0.531801, 0.531877, 0.531964, 0.532065, 0.532182, 0.532316, 0.532469, 0.532645, 0.532847, 0.533076, 0.533338, 0.533635, 0.533972, 0.534354, 0.534785, 0.535272, 0.535819, 0.536433, 0.537122, 0.537892, 0.538751, 0.539709, 0.540773, 0.541955, 0.543262, 0.544708, 0.546302, 0.548057, 0.549984, 0.552097, 0.554409, 0.556934, 0.559685, 0.562676, 0.565924, 0.569441, 0.573243, 0.577346, 0.581763, 0.58651, 0.5916, 0.597049, 0.602868, 0.609072, 0.615672, 0.62268, 0.630105, 0.637958, 0.646246, 0.654976, 0.664153, 0.673781, 0.683861, 0.694394, 0.705378, 0.71681, 0.728684, 0.740993, 0.753727, 0.766874, 0.780421, 0.794353, 0.808651, 0.823295, 0.838265, 0.853537, 0.869086, 0.884886, 0.900907, 0.917122, 0.9335, 0.950009, 0.966617, 0.983292, 1, 
1, 0.982261, 0.964558, 0.946925, 0.929397, 0.912009, 0.894794, 0.877783, 0.861009, 0.844501, 0.828287, 0.812393, 0.796845, 0.781665, 0.766874, 0.752491, 0.738533, 0.725013, 0.711945, 0.699338, 0.687201, 0.675539, 0.664356, 0.653654, 0.643433, 0.63369, 0.624421, 0.615622, 0.607285, 0.599401, 0.591961, 0.584953, 0.578367, 0.572188, 0.566404, 0.561, 0.55596, 0.551271, 0.546915, 0.542878, 0.539144, 0.535696, 0.53252, 0.529599, 0.526919, 0.524465, 0.522221, 0.520175, 0.518312, 0.516619, 0.515085, 0.513696, 0.512442, 0.511312, 0.510295, 0.509383, 0.508565, 0.507834, 0.507182, 0.506601, 0.506085, 0.505627, 0.505222, 0.504864, 0.504548, 0.50427, 0.504027, 0.503813, 0.503626, 0.503463, 0.503321, 0.503197, 0.50309, 0.502997, 0.502917, 0.502848, 0.502788, 0.502737, 0.502693, 0.502656, 0.502624, 0.502597, 0.502574, 0.502554, 0.502537, 0.502523, 0.502511, 0.502501, 0.502493, 0.502486, 0.50248, 0.502475, 0.502471, 0.502468, 0.502465, 0.502463, 0.502462, 0.50246, 0.502459, 0.502459, 0.502459, 0.502459, 0.502459, 0.502459, 0.50246, 0.502462, 0.502463, 0.502465, 0.502468, 0.502471, 0.502475, 0.50248, 0.502486, 0.502493, 0.502501, 0.502511, 0.502523, 0.502537, 0.502554, 0.502574, 0.502597, 0.502624, 0.502656, 0.502693, 0.502737, 0.502788, 0.502848, 0.502917, 0.502997, 0.50309, 0.503197, 0.503321, 0.503463, 0.503626, 0.503813, 0.504027, 0.50427, 0.504548, 0.504864, 0.505222, 0.505627, 0.506085, 0.506601, 0.507182, 0.507834, 0.508565, 0.509383, 0.510295, 0.511312, 0.512442, 0.513696, 0.515085, 0.516619, 0.518312, 0.520175, 0.522221, 0.524465, 0.526919, 0.529599, 0.53252, 0.535696, 0.539144, 0.542878, 0.546915, 0.551271, 0.55596, 0.561, 0.566404, 0.572188, 0.578367, 0.584953, 0.591961, 0.599401, 0.607285, 0.615622, 0.624421, 0.63369, 0.643433, 0.653654, 0.664356, 0.675539, 0.687201, 0.699338, 0.711945, 0.725013, 0.738533, 0.752491, 0.766874, 0.781665, 0.796845, 0.812393, 0.828287, 0.844501, 0.861009, 0.877783, 0.894794, 0.912009, 0.929397, 0.946925, 0.964558, 0.982261, 1, 
1, 0.981261, 0.962559, 0.943931, 0.925415, 0.907047, 0.88886, 0.870891, 0.853171, 0.835731, 0.818603, 0.801813, 0.785388, 0.769352, 0.753727, 0.738533, 0.723787, 0.709505, 0.6957, 0.682382, 0.66956, 0.657241, 0.645427, 0.634122, 0.623324, 0.613032, 0.60324, 0.593945, 0.585137, 0.576809, 0.568949, 0.561547, 0.554589, 0.548062, 0.541952, 0.536243, 0.530919, 0.525965, 0.521364, 0.517099, 0.513154, 0.509513, 0.506157, 0.503072, 0.500241, 0.497648, 0.495278, 0.493116, 0.491148, 0.48936, 0.487739, 0.486272, 0.484947, 0.483754, 0.48268, 0.481716, 0.480852, 0.48008, 0.479391, 0.478777, 0.478232, 0.477748, 0.47732, 0.476942, 0.476609, 0.476315, 0.476058, 0.475832, 0.475634, 0.475462, 0.475312, 0.475181, 0.475068, 0.47497, 0.474886, 0.474812, 0.47475, 0.474696, 0.474649, 0.47461, 0.474576, 0.474547, 0.474523, 0.474502, 0.474484, 0.474469, 0.474457, 0.474446, 0.474438, 0.47443, 0.474424, 0.474419, 0.474415, 0.474411, 0.474408, 0.474406, 0.474404, 0.474403, 0.474402, 0.474401, 0.474401, 0.474401, 0.474401, 0.474402, 0.474403, 0.474404, 0.474406, 0.474408, 0.474411, 0.474415, 0.474419, 0.474424, 0.47443, 0.474438, 0.474446, 0.474457, 0.474469, 0.474484, 0.474502, 0.474523, 0.474547, 0.474576, 0.47461, 0.474649, 0.474696, 0.47475, 0.474812, 0.474886, 0.47497, 0.475068, 0.475181, 0.475312, 0.475462, 0.475634, 0.475832, 0.476058, 0.476315, 0.476609, 0.476942, 0.47732, 0.477748, 0.478232, 0.478777, 0.479391, 0.48008, 0.480852, 0.481716, 0.48268, 0.483754, 0.484947, 0.486272, 0.487739, 0.48936, 0.491148, 0.493116, 0.495278, 0.497648, 0.500241, 0.503072, 0.506157, 0.509513, 0.513154, 0.517099, 0.521364, 0.525965, 0.530919, 0.536243, 0.541952, 0.548062, 0.554589, 0.561547, 0.568949, 0.576809, 0.585137, 0.593945, 0.60324, 0.613032, 0.623324, 0.634122, 0.645427, 0.657241, 0.66956, 0.682382, 0.6957, 0.709505, 0.723787, 0.738533, 0.753727, 0.769352, 0.785388, 0.801813, 0.818603, 0.835731, 0.853171, 0.870891, 0.88886, 0.907047, 0.925415, 0.943931, 0.962559, 0.981261, 1, 
1, 0.980292, 0.960623, 0.941032, 0.921559, 0.90224, 0.883114, 0.864215, 0.845579, 0.827238, 0.809223, 0.791565, 0.774291, 0.757426, 0.740993, 0.725013, 0.709505, 0.694485, 0.679966, 0.665959, 0.652475, 0.639518, 0.627094, 0.615204, 0.603848, 0.593023, 0.582726, 0.57295, 0.563687, 0.554928, 0.546662, 0.538877, 0.53156, 0.524695, 0.518269, 0.512265, 0.506666, 0.501456, 0.496617, 0.492132, 0.487983, 0.484153, 0.480624, 0.477379, 0.474401, 0.471674, 0.469182, 0.466909, 0.464839, 0.462959, 0.461254, 0.459711, 0.458318, 0.457062, 0.455933, 0.454919, 0.454011, 0.453199, 0.452474, 0.451829, 0.451255, 0.450747, 0.450296, 0.449899, 0.449548, 0.449239, 0.448969, 0.448731, 0.448524, 0.448342, 0.448184, 0.448047, 0.447928, 0.447825, 0.447736, 0.447659, 0.447593, 0.447536, 0.447488, 0.447446, 0.44741, 0.44738, 0.447354, 0.447333, 0.447314, 0.447298, 0.447285, 0.447274, 0.447265, 0.447257, 0.447251, 0.447245, 0.447241, 0.447237, 0.447234, 0.447232, 0.44723, 0.447229, 0.447228, 0.447227, 0.447227, 0.447227, 0.447227, 0.447228, 0.447229, 0.44723, 0.447232, 0.447234, 0.447237, 0.447241, 0.447245, 0.447251, 0.447257, 0.447265, 0.447274, 0.447285, 0.447298, 0.447314, 0.447333, 0.447354, 0.44738, 0.44741, 0.447446, 0.447488, 0.447536, 0.447593, 0.447659, 0.447736, 0.447825, 0.447928, 0.448047, 0.448184, 0.448342, 0.448524, 0.448731, 0.448969, 0.449239, 0.449548, 0.449899, 0.450296, 0.450747, 0.451255, 0.451829, 0.452474, 0.453199, 0.454011, 0.454919, 0.455933, 0.457062, 0.458318, 0.459711, 0.461254, 0.462959, 0.464839, 0.466909, 0.469182, 0.471674, 0.474401, 0.477379, 0.480624, 0.484153, 0.487983, 0.492132, 0.496617, 0.501456, 0.506666, 0.512265, 0.518269, 0.524695, 0.53156, 0.538877, 0.546662, 0.554928, 0.563687, 0.57295, 0.582726, 0.593023, 0.603848, 0.615204, 0.627094, 0.639518, 0.652475, 0.665959, 0.679966, 0.694485, 0.709505, 0.725013, 0.740993, 0.757426, 0.774291, 0.791565, 0.809223, 0.827238, 0.845579, 0.864215, 0.883114, 0.90224, 0.921559, 0.941032, 0.960623, 0.980292, 1, 
1, 0.979355, 0.958751, 0.93823, 0.917831, 0.897594, 0.877559, 0.857762, 0.83824, 0.819027, 0.800157, 0.78166, 0.763565, 0.745898, 0.728684, 0.711945, 0.6957, 0.679966, 0.664757, 0.650085, 0.63596, 0.622388, 0.609373, 0.596918, 0.585022, 0.573683, 0.562896, 0.552656, 0.542953, 0.533778, 0.525119, 0.516964, 0.509299, 0.502108, 0.495377, 0.489087, 0.483222, 0.477765, 0.472696, 0.467998, 0.463652, 0.45964, 0.455943, 0.452544, 0.449425, 0.446569, 0.443958, 0.441576, 0.439408, 0.437439, 0.435653, 0.434037, 0.432578, 0.431262, 0.430079, 0.429017, 0.428066, 0.427215, 0.426456, 0.42578, 0.42518, 0.424647, 0.424175, 0.423759, 0.423391, 0.423068, 0.422784, 0.422536, 0.422318, 0.422128, 0.421963, 0.421819, 0.421695, 0.421587, 0.421493, 0.421413, 0.421344, 0.421284, 0.421233, 0.421189, 0.421152, 0.42112, 0.421094, 0.421071, 0.421051, 0.421035, 0.421021, 0.42101, 0.421, 0.420992, 0.420985, 0.420979, 0.420975, 0.420971, 0.420968, 0.420965, 0.420963, 0.420962, 0.420961, 0.42096, 0.42096, 0.42096, 0.42096, 0.420961, 0.420962, 0.420963, 0.420965, 0.420968, 0.420971, 0.420975, 0.420979, 0.420985, 0.420992, 0.421, 0.42101, 0.421021, 0.421035, 0.421051, 0.421071, 0.421094, 0.42112, 0.421152, 0.421189, 0.421233, 0.421284, 0.421344, 0.421413, 0.421493, 0.421587, 0.421695, 0.421819, 0.421963, 0.422128, 0.422318, 0.422536, 0.422784, 0.423068, 0.423391, 0.423759, 0.424175, 0.424647, 0.42518, 0.42578, 0.426456, 0.427215, 0.428066, 0.429017, 0.430079, 0.431262, 0.432578, 0.434037, 0.435653, 0.437439, 0.439408, 0.441576, 0.443958, 0.446569, 0.449425, 0.452544, 0.455943, 0.45964, 0.463652, 0.467998, 0.472696, 0.477765, 0.483222, 0.489087, 0.495377, 0.502108, 0.509299, 0.516964, 0.525119, 0.533778, 0.542953, 0.552656, 0.562896, 0.573683, 0.585022, 0.596918, 0.609373, 0.622388, 0.63596, 0.650085, 0.664757, 0.679966, 0.6957, 0.711945, 0.728684, 0.745898, 0.763565, 0.78166, 0.800157, 0.819027, 0.83824, 0.857762, 0.877559, 0.897594, 0.917831, 0.93823, 0.958751, 0.979355, 1, 
1, 0.978452, 0.956946, 0.935527, 0.914235, 0.893113, 0.8722, 0.851537, 0.831161, 0.811107, 0.791411, 0.772104, 0.753217, 0.734777, 0.71681, 0.699338, 0.682382, 0.665959, 0.650085, 0.634771, 0.620028, 0.605861, 0.592277, 0.579277, 0.566861, 0.555026, 0.543767, 0.533078, 0.522951, 0.513374, 0.504337, 0.495825, 0.487824, 0.480319, 0.473293, 0.466728, 0.460607, 0.45491, 0.44962, 0.444716, 0.44018, 0.435992, 0.432134, 0.428587, 0.425331, 0.42235, 0.419625, 0.417139, 0.414876, 0.41282, 0.410957, 0.40927, 0.407747, 0.406374, 0.405139, 0.404031, 0.403038, 0.40215, 0.401358, 0.400652, 0.400025, 0.399469, 0.398977, 0.398542, 0.398159, 0.397821, 0.397525, 0.397266, 0.397039, 0.39684, 0.396668, 0.396518, 0.396388, 0.396275, 0.396178, 0.396094, 0.396021, 0.395959, 0.395906, 0.395861, 0.395822, 0.395789, 0.39576, 0.395737, 0.395716, 0.395699, 0.395685, 0.395673, 0.395663, 0.395654, 0.395647, 0.395641, 0.395636, 0.395632, 0.395629, 0.395626, 0.395624, 0.395623, 0.395622, 0.395621, 0.395621, 0.395621, 0.395621, 0.395622, 0.395623, 0.395624, 0.395626, 0.395629, 0.395632, 0.395636, 0.395641, 0.395647, 0.395654, 0.395663, 0.395673, 0.395685, 0.395699, 0.395716, 0.395737, 0.39576, 0.395789, 0.395822, 0.395861, 0.395906, 0.395959, 0.396021, 0.396094, 0.396178, 0.396275, 0.396388, 0.396518, 0.396668, 0.39684, 0.397039, 0.397266, 0.397525, 0.397821, 0.398159, 0.398542, 0.398977, 0.399469, 0.400025, 0.400652, 0.401358, 0.40215, 0.403038, 0.404031, 0.405139, 0.406374, 0.407747, 0.40927, 0.410957, 0.41282, 0.414876, 0.417139, 0.419625, 0.42235, 0.425331, 0.428587, 0.432134, 0.435992, 0.44018, 0.444716, 0.44962, 0.45491, 0.460607, 0.466728, 0.473293, 0.480319, 0.487824, 0.495825, 0.504337, 0.513374, 0.522951, 0.533078, 0.543767, 0.555026, 0.566861, 0.579277, 0.592277, 0.605861, 0.620028, 0.634771, 0.650085, 0.665959, 0.682382, 0.699338, 0.71681, 0.734777, 0.753217, 0.772104, 0.791411, 0.811107, 0.831161, 0.851537, 0.8722, 0.893113, 0.914235, 0.935527, 0.956946, 0.978452, 1, 
