Matrix A
1, 1, 1, 1, 1, 1, 1, 1, 1, 1, 1, 1, 1, 1, 1, 1, 1, 1, 1, 1, 1, 1, 1, 1, 1, 1, 1, 1, 1, 1, 1, 1, 1, 1, 1, 1, 1, 1, 1, 1, 1, 1, 1, 1, 1, 1, 1, 1, 1, 1, 1, 1, 1, 1, 1, 1, 1, 1, 1, 1, 1, 1, 1, 1, 1, 1, 1, 1, 1, 1, 1, 1, 1, 1, 1, 1, 1, 1, 1, 1, 1, 1, 1, 1, 1, 1, 1, 1, 1, 1, 1, 1, 1, 1, 1, 1, 1, 1, 1, 1, 1, 1, 
1, 0.993681, 0.987425, 0.981291, 0.975338, 0.969616, 0.964172, 0.959041, 0.954257, 0.949836, 0.945795, 0.942135, 0.938854, 0.935942, 0.933383, 0.931156, 0.929239, 0.927603, 0.926222, 0.925067, 0.924111, 0.923328, 0.922693, 0.922182, 0.921777, 0.921457, 0.921209, 0.921017, 0.92087, 0.920759, 0.920676, 0.920615, 0.92057, 0.920537, 0.920514, 0.920497, 0.920485, 0.920477, 0.920471, 0.920467, 0.920465, 0.920463, 0.920462, 0.920461, 0.920461, 0.92046, 0.92046, 0.92046, 0.92046, 0.92046, 0.92046, 0.92046, 0.92046, 0.92046, 0.92046, 0.92046, 0.92046, 0.920461, 0.920461, 0.920462, 0.920463, 0.920465, 0.920467, 0.920471, 0.920477, 0.920485, 0.920497, 0.920514, 0.920537, 0.92057, 0.920615, 0.920676, 0.920759, 0.92087, 0.921017, 0.921209, 0.921457, 0.921777, 0.922182, 0.922693, 0.923328, 0.924111, 0.925067, 0.926222, 0.927603, 0.929239, 0.931156, 0.933383, 0.935942, 0.938854, 0.942135, 0.945795, 0.949836, 0.954257, 0.959041, 0.964172, 0.969616, 0.975338, 0.981291, 0.987425, 0.993681, 1, 
1, 0.987425, 0.974974, 0.962768, 0.950919, 0.939533, 0.928697, 0.918489, 0.908964, 0.900169, 0.892125, 0.884842, 0.878312, 0.872518, 0.867425, 0.862994, 0.859177, 0.855922, 0.853173, 0.850875, 0.848973, 0.847415, 0.84615, 0.845135, 0.844328, 0.843692, 0.843197, 0.842815, 0.842523, 0.842303, 0.842138, 0.842016, 0.841926, 0.841861, 0.841814, 0.841781, 0.841757, 0.841741, 0.84173, 0.841722, 0.841717, 0.841713, 0.841711, 0.84171, 0.841709, 0.841708, 0.841708, 0.841707, 0.841707, 0.841707, 0.841707, 0.841707, 0.841707, 0.841707, 0.841707, 0.841708, 0.841708, 0.841709, 0.84171, 0.841711, 0.841713, 0.841717, 0.841722, 0.84173, 0.841741, 0.841757, 0.841781, 0.841814, 0.841861, 0.841926, 0.842016, 0.842138, 0.842303, 0.842523, 0.842815, 0.843197, 0.843692, 0.844328, 0.845135, 0.84615, 0.847415, 0.848973, 0.850875, 0.853173, 0.855922, 0.859177, 0.862994, 0.867425, 0.872518, 0.878312, 0.884842, 0.892125, 0.900169, 0.908964, 0.918489, 0.928697, 0.939533, 0.950919, 0.962768, 0.974974, 0.987425, 1, 
1, 0.981291, 0.962768, 0.944607, 0.926981, 0.91004, 0.89392, 0.878731, 0.864565, 0.851477, 0.839512, 0.828675, 0.818963, 0.810341, 0.802766, 0.796173, 0.790495, 0.785652, 0.781563, 0.778144, 0.775315, 0.772996, 0.771116, 0.769605, 0.768405, 0.767459, 0.766723, 0.766154, 0.76572, 0.765392, 0.765147, 0.764965, 0.764832, 0.764735, 0.764665, 0.764616, 0.764581, 0.764557, 0.76454, 0.764529, 0.764521, 0.764516, 0.764512, 0.76451, 0.764509, 0.764508, 0.764507, 0.764507, 0.764506, 0.764506, 0.764506, 0.764506, 0.764506, 0.764506, 0.764507, 0.764507, 0.764508, 0.764509, 0.76451, 0.764512, 0.764516, 0.764521, 0.764529, 0.76454, 0.764557, 0.764581, 0.764616, 0.764665, 0.764735, 0.764832, 0.764965, 0.765147, 0.765392, 0.76572, 0.766154, 0.766723, 0.767459, 0.768405, 0.769605, 0.771116, 0.772996, 0.775315, 0.778144, 0.781563, 0.785652, 0.790495, 0.796173, 0.802766, 0.810341, 0.818963, 0.828675, 0.839512, 0.851477, 0.864565, 0.878731, 0.89392, 0.91004, 0.926981, 0.944607, 0.962768, 0.981291, 1, 
1, 0.975338, 0.950919, 0.926981, 0.903744, 0.881414, 0.860163, 0.840143, 0.821465, 0.804217, 0.788441, 0.77416, 0.761355, 0.749992, 0.740004, 0.731316, 0.72383, 0.717448, 0.712057, 0.707552, 0.703821, 0.700766, 0.698287, 0.696297, 0.694713, 0.693468, 0.692497, 0.691748, 0.691176, 0.690744, 0.69042, 0.690181, 0.690005, 0.689877, 0.689786, 0.68972, 0.689674, 0.689642, 0.68962, 0.689605, 0.689595, 0.689588, 0.689584, 0.689581, 0.689579, 0.689578, 0.689577, 0.689577, 0.689576, 0.689576, 0.689576, 0.689576, 0.689576, 0.689576, 0.689577, 0.689577, 0.689578, 0.689579, 0.689581, 0.689584, 0.689588, 0.689595, 0.689605, 0.68962, 0.689642, 0.689674, 0.68972, 0.689786, 0.689877, 0.690005, 0.690181, 0.69042, 0.690744, 0.691176, 0.691748, 0.692497, 0.693468, 0.694713, 0.696297, 0.698287, 0.700766, 0.703821, 0.707552, 0.712057, 0.717448, 0.72383, 0.731316, 0.740004, 0.749992, 0.761355, 0.77416, 0.788441, 0.804217, 0.821465, 0.840143, 0.860163, 0.881414, 0.903744, 0.926981, 0.950919, 0.975338, 1, 
1, 0.969616, 0.939533, 0.91004, 0.881414, 0.8539, 0.827722, 0.803055, 0.780048, 0.758795, 0.739363, 0.721766, 0.705994, 0.691992, 0.679691, 0.668985, 0.659766, 0.651901, 0.645262, 0.639711, 0.635118, 0.631353, 0.6283, 0.625847, 0.623898, 0.622363, 0.621167, 0.620245, 0.619541, 0.619008, 0.61861, 0.618314, 0.618098, 0.617941, 0.617828, 0.617748, 0.617691, 0.617652, 0.617625, 0.617606, 0.617593, 0.617585, 0.61758, 0.617576, 0.617574, 0.617572, 0.617571, 0.617571, 0.61757, 0.61757, 0.61757, 0.61757, 0.61757, 0.61757, 0.617571, 0.617571, 0.617572, 0.617574, 0.617576, 0.61758, 0.617585, 0.617593, 0.617606, 0.617625, 0.617652, 0.617691, 0.617748, 0.617828, 0.617941, 0.618098, 0.618314, 0.61861, 0.619008, 0.619541, 0.620245, 0.621167, 0.622363, 0.623898, 0.625847, 0.6283, 0.631353, 0.635118, 0.639711, 0.645262, 0.651901, 0.659766, 0.668985, 0.679691, 0.691992, 0.705994, 0.721766, 0.739363, 0.758795, 0.780048, 0.803055, 0.827722, 0.8539, 0.881414, 0.91004, 0.939533, 0.969616, 1, 
1, 0.964172, 0.928697, 0.89392, 0.860163, 0.827722, 0.79685, 0.767767, 0.740634, 0.715577, 0.69266, 0.671914, 0.653313, 0.636807, 0.622299, 0.60968, 0.598806, 0.589536, 0.581706, 0.575163, 0.569745, 0.565308, 0.561708, 0.558817, 0.556518, 0.55471, 0.553299, 0.552212, 0.551382, 0.550754, 0.550284, 0.549937, 0.549681, 0.549496, 0.549363, 0.549269, 0.549202, 0.549156, 0.549124, 0.549102, 0.549087, 0.549077, 0.549071, 0.549066, 0.549064, 0.549062, 0.549061, 0.54906, 0.549059, 0.549059, 0.549059, 0.549059, 0.549059, 0.549059, 0.54906, 0.549061, 0.549062, 0.549064, 0.549066, 0.549071, 0.549077, 0.549087, 0.549102, 0.549124, 0.549156, 0.549202, 0.549269, 0.549363, 0.549496, 0.549681, 0.549937, 0.550284, 0.550754, 0.551382, 0.552212, 0.553299, 0.55471, 0.556518, 0.558817, 0.561708, 0.565308, 0.569745, 0.575163, 0.581706, 0.589536, 0.598806, 0.60968, 0.622299, 0.636807, 0.653313, 0.671914, 0.69266, 0.715577, 0.740634, 0.767767, 0.79685, 0.827722, 0.860163, 0.89392, 0.928697, 0.964172, 1, 
1, 0.959041, 0.918489, 0.878731, 0.840143, 0.803055, 0.767767, 0.734517, 0.703504, 0.674856, 0.648664, 0.624944, 0.603686, 0.584813, 0.568234, 0.553805, 0.54138, 0.53078, 0.521834, 0.514352, 0.508163, 0.503089, 0.498976, 0.495671, 0.493045, 0.490976, 0.489366, 0.488123, 0.487174, 0.486457, 0.48592, 0.485523, 0.485231, 0.485019, 0.484867, 0.484759, 0.484683, 0.48463, 0.484594, 0.484569, 0.484552, 0.484541, 0.484533, 0.484528, 0.484525, 0.484523, 0.484522, 0.484521, 0.48452, 0.48452, 0.48452, 0.48452, 0.48452, 0.48452, 0.484521, 0.484522, 0.484523, 0.484525, 0.484528, 0.484533, 0.484541, 0.484552, 0.484569, 0.484594, 0.48463, 0.484683, 0.484759, 0.484867, 0.485019, 0.485231, 0.485523, 0.48592, 0.486457, 0.487174, 0.488123, 0.489366, 0.490976, 0.493045, 0.495671, 0.498976, 0.503089, 0.508163, 0.514352, 0.521834, 0.53078, 0.54138, 0.553805, 0.568234, 0.584813, 0.603686, 0.624944, 0.648664, 0.674856, 0.703504, 0.734517, 0.767767, 0.803055, 0.840143, 0.878731, 0.918489, 0.959041, 1, 
1, 0.954257, 0.908964, 0.864565, 0.821465, 0.780048, 0.740634, 0.703504, 0.668864, 0.636876, 0.607619, 0.581135, 0.557389, 0.536319, 0.517799, 0.501691, 0.487812, 0.475979, 0.465985, 0.457634, 0.450721, 0.445058, 0.440463, 0.436775, 0.433841, 0.431533, 0.429734, 0.428347, 0.427287, 0.426487, 0.425888, 0.425444, 0.425118, 0.424882, 0.424713, 0.424592, 0.424507, 0.424448, 0.424407, 0.424379, 0.42436, 0.424348, 0.42434, 0.424334, 0.424331, 0.424328, 0.424327, 0.424326, 0.424325, 0.424325, 0.424325, 0.424325, 0.424325, 0.424325, 0.424326, 0.424327, 0.424328, 0.424331, 0.424334, 0.42434, 0.424348, 0.42436, 0.424379, 0.424407, 0.424448, 0.424507, 0.424592, 0.424713, 0.424882, 0.425118, 0.425444, 0.425888, 0.426487, 0.427287, 0.428347, 0.429734, 0.431533, 0.433841, 0.436775, 0.440463, 0.445058, 0.450721, 0.457634, 0.465985, 0.475979, 0.487812, 0.501691, 0.517799, 0.536319, 0.557389, 0.581135, 0.607619, 0.636876, 0.668864, 0.703504, 0.740634, 0.780048, 0.821465, 0.864565, 0.908964, 0.954257, 1, 
1, 0.949836, 0.900169, 0.851477, 0.804217, 0.758795, 0.715577, 0.674856, 0.636876, 0.601792, 0.569716, 0.540669, 0.514637, 0.491527, 0.471225, 0.453558, 0.438344, 0.425366, 0.414413, 0.405253, 0.397676, 0.391465, 0.38643, 0.382384, 0.37917, 0.376638, 0.374667, 0.373146, 0.371985, 0.371107, 0.370451, 0.369964, 0.369608, 0.369349, 0.369163, 0.369031, 0.368938, 0.368873, 0.368828, 0.368798, 0.368777, 0.368763, 0.368754, 0.368748, 0.368744, 0.368742, 0.36874, 0.368739, 0.368739, 0.368738, 0.368738, 0.368738, 0.368738, 0.368739, 0.368739, 0.36874, 0.368742, 0.368744, 0.368748, 0.368754, 0.368763, 0.368777, 0.368798, 0.368828, 0.368873, 0.368938, 0.369031, 0.369163, 0.369349, 0.369608, 0.369964, 0.370451, 0.371107, 0.371985, 0.373146, 0.374667, 0.376638, 0.37917, 0.382384, 0.38643, 0.391465, 0.397676, 0.405253, 0.414413, 0.425366, 0.438344, 0.453558, 0.471225, 0.491527, 0.514637, 0.540669, 0.569716, 0.601792, 0.636876, 0.674856, 0.715577, 0.758795, 0.804217, 0.851477, 0.900169, 0.949836, 1, 
1, 0.945795, 0.892125, 0.839512, 0.788441, 0.739363, 0.69266, 0.648664, 0.607619, 0.569716, 0.535051, 0.503672, 0.475538, 0.450575, 0.428634, 0.40955, 0.393109, 0.379092, 0.367254, 0.357362, 0.349173, 0.342466, 0.337024, 0.332656, 0.329182, 0.326449, 0.324319, 0.322677, 0.321422, 0.320475, 0.319765, 0.31924, 0.318855, 0.318575, 0.318374, 0.318232, 0.318131, 0.318061, 0.318013, 0.31798, 0.317958, 0.317943, 0.317933, 0.317927, 0.317922, 0.31792, 0.317918, 0.317917, 0.317916, 0.317916, 0.317916, 0.317916, 0.317916, 0.317916, 0.317917, 0.317918, 0.31792, 0.317922, 0.317927, 0.317933, 0.317943, 0.317958, 0.31798, 0.318013, 0.318061, 0.318131, 0.318232, 0.318374, 0.318575, 0.318855, 0.31924, 0.319765, 0.320475, 0.321422, 0.322677, 0.324319, 0.326449, 0.329182, 0.332656, 0.337024, 0.342466, 0.349173, 0.357362, 0.367254, 0.379092, 0.393109, 0.40955, 0.428634, 0.450575, 0.475538, 0.503672, 0.535051, 0.569716, 0.607619, 0.648664, 0.69266, 0.739363, 0.788441, 0.839512, 0.892125, 0.945795, 1, 
1, 0.942135, 0.884842, 0.828675, 0.77416, 0.721766, 0.671914, 0.624944, 0.581135, 0.540669, 0.503672, 0.470171, 0.440146, 0.413494, 0.39008, 0.369706, 0.352161, 0.337196, 0.324565, 0.314004, 0.305267, 0.298107, 0.292302, 0.287638, 0.283932, 0.281015, 0.278743, 0.27699, 0.275652, 0.27464, 0.273884, 0.273323, 0.272912, 0.272614, 0.2724, 0.272248, 0.272141, 0.272066, 0.272014, 0.271979, 0.271956, 0.27194, 0.271929, 0.271922, 0.271918, 0.271915, 0.271913, 0.271912, 0.271911, 0.271911, 0.271911, 0.271911, 0.271911, 0.271911, 0.271912, 0.271913, 0.271915, 0.271918, 0.271922, 0.271929, 0.27194, 0.271956, 0.271979, 0.272014, 0.272066, 0.272141, 0.272248, 0.2724, 0.272614, 0.272912, 0.273323, 0.273884, 0.27464, 0.275652, 0.27699, 0.278743, 0.281015, 0.283932, 0.287638, 0.292302, 0.298107, 0.305267, 0.314004, 0.324565, 0.337196, 0.352161, 0.369706, 0.39008, 0.413494, 0.440146, 0.470171, 0.503672, 0.540669, 0.581135, 0.624944, 0.671914, 0.721766, 0.77416, 0.828675, 0.884842, 0.942135, 1, 
1, 0.938854, 0.878312, 0.818963, 0.761355, 0.705994, 0.653313, 0.603686, 0.557389, 0.514637, 0.475538, 0.440146, 0.408416, 0.380261, 0.355517, 0.333995, 0.315455, 0.299648, 0.2863, 0.275146, 0.265913, 0.258352, 0.252217, 0.247292, 0.243376, 0.240296, 0.237895, 0.236044, 0.23463, 0.233562, 0.232763, 0.232171, 0.231737, 0.231423, 0.231196, 0.231036, 0.230922, 0.230844, 0.230789, 0.230752, 0.230727, 0.23071, 0.230699, 0.230692, 0.230687, 0.230684, 0.230682, 0.230681, 0.230681, 0.23068, 0.23068, 0.23068, 0.23068, 0.230681, 0.230681, 0.230682, 0.230684, 0.230687, 0.230692, 0.230699, 0.23071, 0.230727, 0.230752, 0.230789, 0.230844, 0.230922, 0.231036, 0.231196, 0.231423, 0.231737, 0.232171, 0.232763, 0.233562, 0.23463, 0.236044, 0.237895, 0.240296, 0.243376, 0.247292, 0.252217, 0.258352, 0.265913, 0.275146, 0.2863, 0.299648, 0.315455, 0.333995, 0.355517, 0.380261, 0.408416, 0.440146, 0.475538, 0.514637, 0.557389, 0.603686, 0.653313, 0.705994, 0.761355, 0.818963, 0.878312, 0.938854, 1, 
1, 0.935942, 0.872518, 0.810341, 0.749992, 0.691992, 0.636807, 0.584813, 0.536319, 0.491527, 0.450575, 0.413494, 0.380261, 0.350763, 0.324849, 0.302301, 0.282884, 0.266324, 0.252346, 0.24066, 0.230993, 0.223071, 0.216648, 0.211489, 0.20739, 0.204163, 0.201649, 0.199711, 0.198231, 0.197112, 0.196276, 0.195656, 0.195202, 0.194872, 0.194635, 0.194467, 0.194349, 0.194266, 0.194209, 0.19417, 0.194144, 0.194127, 0.194115, 0.194107, 0.194102, 0.194099, 0.194097, 0.194096, 0.194095, 0.194095, 0.194095, 0.194095, 0.194095, 0.194095, 0.194096, 0.194097, 0.194099, 0.194102, 0.194107, 0.194115, 0.194127, 0.194144, 0.19417, 0.194209, 0.194266, 0.194349, 0.194467, 0.194635, 0.194872, 0.195202, 0.195656, 0.196276, 0.197112, 0.198231, 0.199711, 0.201649, 0.204163, 0.20739, 0.211489, 0.216648, 0.223071, 0.230993, 0.24066, 0.252346, 0.266324, 0.282884, 0.302301, 0.324849, 0.350763, 0.380261, 0.413494, 0.450575, 0.491527, 0.536319, 0.584813, 0.636807, 0.691992, 0.749992, 0.810341, 0.872518, 0.935942, 1, 
1, 0.933383, 0.867425, 0.802766, 0.740004, 0.679691, 0.622299, 0.568234, 0.517799, 0.471225, 0.428634, 0.39008, 0.355517, 0.324849, 0.297898, 0.274456, 0.254263, 0.237048, 0.222512, 0.210365, 0.200311, 0.192077, 0.185398, 0.180036, 0.175773, 0.172419, 0.169806, 0.167792, 0.166253, 0.165091, 0.164221, 0.163577, 0.163105, 0.162762, 0.162516, 0.162341, 0.162218, 0.162132, 0.162073, 0.162033, 0.162006, 0.161988, 0.161976, 0.161968, 0.161963, 0.161959, 0.161957, 0.161956, 0.161955, 0.161955, 0.161955, 0.161955, 0.161955, 0.161955, 0.161956, 0.161957, 0.161959, 0.161963, 0.161968, 0.161976, 0.161988, 0.162006, 0.162033, 0.162073, 0.162132, 0.162218, 0.162341, 0.162516, 0.162762, 0.163105, 0.163577, 0.164221, 0.165091, 0.166253, 0.167792, 0.169806, 0.172419, 0.175773, 0.180036, 0.185398, 0.192077, 0.200311, 0.210365, 0.222512, 0.237048, 0.254263, 0.274456, 0.297898, 0.324849, 0.355517, 0.39008, 0.428634, 0.471225, 0.517799, 0.568234, 0.622299, 0.679691, 0.740004, 0.802766, 0.867425, 0.933383, 1, 
1, 0.931156, 0.862994, 0.796173, 0.731316, 0.668985, 0.60968, 0.553805, 0.501691, 0.453558, 0.40955, 0.369706, 0.333995, 0.302301, 0.274456, 0.250231, 0.22937, 0.211579, 0.196563, 0.18401, 0.173625, 0.165116, 0.158217, 0.152677, 0.148274, 0.144809, 0.14211, 0.140028, 0.13844, 0.137239, 0.136341, 0.135675, 0.135188, 0.134834, 0.13458, 0.134399, 0.134272, 0.134184, 0.134123, 0.134081, 0.134053, 0.134034, 0.134022, 0.134014, 0.134008, 0.134005, 0.134003, 0.134001, 0.134001, 0.134, 0.134, 0.134, 0.134, 0.134001, 0.134001, 0.134003, 0.134005, 0.134008, 0.134014, 0.134022, 0.134034, 0.134053, 0.134081, 0.134123, 0.134184, 0.134272, 0.134399, 0.13458, 0.134834, 0.135188, 0.135675, 0.136341, 0.137239, 0.13844, 0.140028, 0.14211, 0.144809, 0.148274, 0.152677, 0.158217, 0.165116, 0.173625, 0.18401, 0.196563, 0.211579, 0.22937, 0.250231, 0.274456, 0.302301, 0.333995, 0.369706, 0.40955, 0.453558, 0.501691, 0.553805, 0.60968, 0.668985, 0.731316, 0.796173, 0.862994, 0.931156, 1, 
1, 0.929239, 0.859177, 0.790495, 0.72383, 0.659766, 0.598806, 0.54138, 0.487812, 0.438344, 0.393109, 0.352161, 0.315455, 0.282884, 0.254263, 0.22937, 0.207928, 0.189647, 0.174213, 0.161315, 0.150642, 0.1419, 0.134809, 0.129117, 0.124592, 0.121033, 0.118259, 0.116121, 0.114488, 0.113255, 0.112332, 0.111649, 0.111148, 0.110785, 0.110524, 0.110338, 0.110208, 0.110117, 0.110054, 0.110011, 0.109982, 0.109963, 0.10995, 0.109942, 0.109937, 0.109933, 0.109931, 0.10993, 0.109929, 0.109928, 0.109928, 0.109928, 0.109928, 0.109929, 0.10993, 0.109931, 0.109933, 0.109937, 0.109942, 0.10995, 0.109963, 0.109982, 0.110011, 0.110054, 0.110117, 0.110208, 0.110338, 0.110524, 0.110785, 0.111148, 0.111649, 0.112332, 0.113255, 0.114488, 0.116121, 0.118259, 0.121033, 0.124592, 0.129117, 0.134809, 0.1419, 0.150642, 0.161315, 0.174213, 0.189647, 0.207928, 0.22937, 0.254263, 0.282884, 0.315455, 0.352161, 0.393109, 0.438344, 0.487812, 0.54138, 0.598806, 0.659766, 0.72383, 0.790495, 0.859177, 0.929239, 1, 
1, 0.927603, 0.855922, 0.785652, 0.717448, 0.651901, 0.589536, 0.53078, 0.475979, 0.425366, 0.379092, 0.337196, 0.299648, 0.266324, 0.237048, 0.211579, 0.189647, 0.170944, 0.155159, 0.141963, 0.131048, 0.122104, 0.114853, 0.10903, 0.104403, 0.100761, 0.0979255, 0.0957383, 0.0940691, 0.0928075, 0.091864, 0.0911652, 0.0906532, 0.0902816, 0.0900148, 0.0898251, 0.0896916, 0.0895987, 0.0895346, 0.0894909, 0.0894614, 0.0894417, 0.0894286, 0.0894201, 0.0894146, 0.089411, 0.0894088, 0.0894074, 0.0894066, 0.0894061, 0.0894059, 0.0894059, 0.0894061, 0.0894066, 0.0894074, 0.0894088, 0.089411, 0.0894146, 0.0894201, 0.0894286, 0.0894417, 0.0894614, 0.0894909, 0.0895346, 0.0895987, 0.0896916, 0.0898251, 0.0900148, 0.0902816, 0.0906532, 0.0911652, 0.091864, 0.0928075, 0.0940691, 0.0957383, 0.0979255, 0.100761, 0.104403, 0.10903, 0.114853, 0.122104, 0.131048, 0.141963, 0.155159, 0.170944, 0.189647, 0.211579, 0.237048, 0.266324, 0.299648, 0.337196, 0.379092, 0.425366, 0.475979, 0.53078, 0.589536, 0.651901, 0.717448, 0.785652, 0.855922, 0.927603, 1, 
1, 0.926222, 0.853173, 0.781563, 0.712057, 0.645262, 0.581706, 0.521834, 0.465985, 0.414413, 0.367254, 0.324565, 0.2863, 0.252346, 0.222512, 0.196563, 0.174213, 0.155159, 0.139072, 0.12563, 0.114506, 0.105396, 0.0980066, 0.0920755, 0.0873607, 0.0836517, 0.0807622, 0.0785346, 0.0768338, 0.075549, 0.0745878, 0.0738762, 0.0733546, 0.0729762, 0.0727044, 0.0725113, 0.0723753, 0.0722807, 0.0722155, 0.072171, 0.0721409, 0.0721208, 0.0721076, 0.0720989, 0.0720932, 0.0720896, 0.0720874, 0.072086, 0.0720851, 0.0720846, 0.0720844, 0.0720844, 0.0720846, 0.0720851, 0.072086, 0.0720874, 0.0720896, 0.0720932, 0.0720989, 0.0721076, 0.0721208, 0.0721409, 0.072171, 0.0722155, 0.0722807, 0.0723753, 0.0725113, 0.0727044, 0.0729762, 0.0733546, 0.0738762, 0.0745878, 0.075549, 0.0768338, 0.0785346, 0.0807622, 0.0836517, 0.0873607, 0.0920755, 0.0980066, 0.105396, 0.114506, 0.12563, 0.139072, 0.155159, 0.174213, 0.196563, 0.222512, 0.252346, 0.2863, 0.324565, 0.367254, 0.414413, 0.465985, 0.521834, 0.581706, 0.645262, 0.712057, 0.781563, 0.853173, 0.926222, 1, 
1, 0.925067, 0.850875, 0.778144, 0.707552, 0.639711, 0.575163, 0.514352, 0.457634, 0.405253, 0.357362, 0.314004, 0.275146, 0.24066, 0.210365, 0.18401, 0.161315, 0.141963, 0.12563, 0.111978, 0.100684, 0.0914315, 0.0839297, 0.0779063, 0.0731199, 0.0693534, 0.0664202, 0.0641581, 0.0624318, 0.0611272, 0.0601515, 0.059429, 0.0588996, 0.0585154, 0.0582396, 0.0580435, 0.0579056, 0.0578095, 0.0577433, 0.0576981, 0.0576676, 0.0576473, 0.0576338, 0.057625, 0.0576193, 0.0576156, 0.0576133, 0.0576119, 0.057611, 0.0576105, 0.0576103, 0.0576103, 0.0576105, 0.057611, 0.0576119, 0.0576133, 0.0576156, 0.0576193, 0.057625, 0.0576338, 0.0576473, 0.0576676, 0.0576981, 0.0577433, 0.0578095, 0.0579056, 0.0580435, 0.0582396, 0.0585154, 0.0588996, 0.059429, 0.0601515, 0.0611272, 0.0624318, 0.0641581, 0.0664202, 0.0693534, 0.0731199, 0.0779063, 0.0839297, 0.0914315, 0.100684, 0.111978, 0.12563, 0.141963, 0.161315, 0.18401, 0.210365, 0.24066, 0.275146, 0.314004, 0.357362, 0.405253, 0.457634, 0.514352, 0.575163, 0.639711, 0.707552, 0.778144, 0.850875, 0.925067, 1, 
1, 0.924111, 0.848973, 0.775315, 0.703821, 0.635118, 0.569745, 0.508163, 0.450721, 0.397676, 0.349173, 0.305267, 0.265913, 0.230993, 0.200311, 0.173625, 0.150642, 0.131048, 0.114506, 0.100684, 0.0892465, 0.0798793, 0.0722825, 0.0661846, 0.0613377, 0.0575248, 0.0545546, 0.0522648, 0.0505169, 0.0491963, 0.0482085, 0.0474772, 0.0469412, 0.0465524, 0.0462732, 0.0460747, 0.0459351, 0.0458379, 0.0457709, 0.0457252, 0.0456943, 0.0456737, 0.04566, 0.0456511, 0.0456453, 0.0456416, 0.0456393, 0.0456379, 0.045637, 0.0456365, 0.0456363, 0.0456363, 0.0456365, 0.045637, 0.0456379, 0.0456393, 0.0456416, 0.0456453, 0.0456511, 0.04566, 0.0456737, 0.0456943, 0.0457252, 0.0457709, 0.0458379, 0.0459351, 0.0460747, 0.0462732, 0.0465524, 0.0469412, 0.0474772, 0.0482085, 0.0491963, 0.0505169, 0.0522648, 0.0545546, 0.0575248, 0.0613377, 0.0661846, 0.0722825, 0.0798793, 0.0892465, 0.100684, 0.114506, 0.131048, 0.150642, 0.173625, 0.200311, 0.230993, 0.265913, 0.305267, 0.349173, 0.397676, 0.450721, 0.508163, 0.569745, 0.635118, 0.703821, 0.775315, 0.848973, 0.924111, 1, 
1, 0.923328, 0.847415, 0.772996, 0.700766, 0.631353, 0.565308, 0.503089, 0.445058, 0.391465, 0.342466, 0.298107, 0.258352, 0.223071, 0.192077, 0.165116, 0.1419, 0.122104, 0.105396, 0.0914315, 0.0798793, 0.0704161, 0.0627433, 0.0565831, 0.051688, 0.0478363, 0.0448367, 0.0425237, 0.0407585, 0.0394246, 0.0384271, 0.0376884, 0.0371472, 0.0367545, 0.0364726, 0.0362722, 0.0361312, 0.036033, 0.0359654, 0.0359192, 0.0358881, 0.0358672, 0.0358535, 0.0358445, 0.0358386, 0.0358349, 0.0358326, 0.0358311, 0.0358302, 0.0358297, 0.0358295, 0.0358295, 0.0358297, 0.0358302, 0.0358311, 0.0358326, 0.0358349, 0.0358386, 0.0358445, 0.0358535, 0.0358672, 0.0358881, 0.0359192, 0.0359654, 0.036033, 0.0361312, 0.0362722, 0.0364726, 0.0367545, 0.0371472, 0.0376884, 0.0384271, 0.0394246, 0.0407585, 0.0425237, 0.0448367, 0.0478363, 0.051688, 0.0565831, 0.0627433, 0.0704161, 0.0798793, 0.0914315, 0.105396, 0.122104, 0.1419, 0.165116, 0.192077, 0.223071, 0.258352, 0.298107, 0.342466, 0.391465, 0.445058, 0.503089, 0.565308, 0.631353, 0.700766, 0.772996, 0.847415, 0.923328, 1, 
1, 0.922693, 0.84615, 0.771116, 0.698287, 0.6283, 0.561708, 0.498976, 0.440463, 0.38643, 0.337024, 0.292302, 0.252217, 0.216648, 0.185398, 0.158217, 0.134809, 0.114853, 0.0980066, 0.0839297, 0.0722825, 0.0627433, 0.0550076, 0.0487982, 0.043863, 0.0399807, 0.0369567, 0.0346254, 0.0328459, 0.0315016, 0.030496, 0.0297516, 0.029206, 0.0288103, 0.0285261, 0.0283242, 0.0281821, 0.0280831, 0.028015, 0.0279685, 0.0279371, 0.0279161, 0.0279022, 0.0278931, 0.0278873, 0.0278835, 0.0278811, 0.0278796, 0.0278788, 0.0278783, 0.027878, 0.027878, 0.0278783, 0.0278788, 0.0278796, 0.0278811, 0.0278835, 0.0278873, 0.0278931, 0.0279022, 0.0279161, 0.0279371, 0.0279685, 0.028015, 0.0280831, 0.0281821, 0.0283242, 0.0285261, 0.0288103, 0.029206, 0.0297516, 0.030496, 0.0315016, 0.0328459, 0.0346254, 0.0369567, 0.0399807, 0.043863, 0.0487982, 0.0550076, 0.0627433, 0.0722825, 0.0839297, 0.0980066, 0.114853, 0.134809, 0.158217, 0.185398, 0.216648, 0.252217, 0.292302, 0.337024, 0.38643, 0.440463, 0.498976, 0.561708, 0.6283, 0.698287, 0.771116, 0.84615, 0.922693, 1, 
1, 0.922182, 0.845135, 0.769605, 0.696297, 0.625847, 0.558817, 0.495671, 0.436775, 0.382384, 0.332656, 0.287638, 0.247292, 0.211489, 0.180036, 0.152677, 0.129117, 0.10903, 0.0920755, 0.0779063, 0.0661846, 0.0565831, 0.0487982, 0.0425484, 0.037582, 0.0336745, 0.0306315, 0.0282852, 0.0264946, 0.0251416, 0.0241298, 0.0233806, 0.0228317, 0.0224335, 0.0221475, 0.0219443, 0.0218014, 0.0217018, 0.0216332, 0.0215864, 0.0215549, 0.0215338, 0.0215198, 0.0215107, 0.0215048, 0.021501, 0.0214986, 0.0214971, 0.0214962, 0.0214957, 0.0214955, 0.0214955, 0.0214957, 0.0214962, 0.0214971, 0.0214986, 0.021501, 0.0215048, 0.0215107, 0.0215198, 0.0215338, 0.0215549, 0.0215864, 0.0216332, 0.0217018, 0.0218014, 0.0219443, 0.0221475, 0.0224335, 0.0228317, 0.0233806, 0.0241298, 0.0251416, 0.0264946, 0.0282852, 0.0306315, 0.0336745, 0.037582, 0.0425484, 0.0487982, 0.0565831, 0.0661846, 0.0779063, 0.0920755, 0.10903, 0.129117, 0.152677, 0.180036, 0.211489, 0.247292, 0.287638, 0.332656, 0.382384, 0.436775, 0.495671, 0.558817, 0.625847, 0.696297, 0.769605, 0.845135, 0.922182, 1, 
1, 0.921777, 0.844328, 0.768405, 0.694713, 0.623898, 0.556518, 0.493045, 0.433841, 0.37917, 0.329182, 0.283932, 0.243376, 0.20739, 0.175773, 0.148274, 0.124592, 0.104403, 0.0873607, 0.0731199, 0.0613377, 0.051688, 0.043863, 0.037582, 0.0325902, 0.0286634, 0.0256048, 0.023247, 0.0214473, 0.0200877, 0.0190708, 0.018318, 0.0177663, 0.0173662, 0.0170788, 0.0168746, 0.016731, 0.016631, 0.016562, 0.016515, 0.0164833, 0.0164621, 0.0164481, 0.0164389, 0.016433, 0.0164292, 0.0164268, 0.0164253, 0.0164244, 0.0164239, 0.0164236, 0.0164236, 0.0164239, 0.0164244, 0.0164253, 0.0164268, 0.0164292, 0.016433, 0.0164389, 0.0164481, 0.0164621, 0.0164833, 0.016515, 0.016562, 0.016631, 0.016731, 0.0168746, 0.0170788, 0.0173662, 0.0177663, 0.018318, 0.0190708, 0.0200877, 0.0214473, 0.023247, 0.0256048, 0.0286634, 0.0325902, 0.037582, 0.043863, 0.051688, 0.0613377, 0.0731199, 0.0873607, 0.104403, 0.124592, 0.148274, 0.175773, 0.20739, 0.243376, 0.283932, 0.329182, 0.37917, 0.433841, 0.493045, 0.556518, 0.623898, 0.694713, 0.768405, 0.844328, 0.921777, 1, 
1, 0.921457, 0.843692, 0.767459, 0.693468, 0.622363, 0.55471, 0.490976, 0.431533, 0.376638, 0.326449, 0.281015, 0.240296, 0.204163, 0.172419, 0.144809, 0.121033, 0.100761, 0.0836517, 0.0693534, 0.0575248, 0.0478363, 0.0399807, 0.0336745, 0.0286634, 0.0247208, 0.0216505, 0.0192833, 0.0174767, 0.0161118, 0.015091, 0.0143353, 0.0137815, 0.0133798, 0.0130914, 0.0128864, 0.0127423, 0.0126419, 0.0125727, 0.0125255, 0.0124936, 0.0124724, 0.0124583, 0.0124491, 0.0124431, 0.0124393, 0.0124369, 0.0124354, 0.0124345, 0.012434, 0.0124338, 0.0124338, 0.012434, 0.0124345, 0.0124354, 0.0124369, 0.0124393, 0.0124431, 0.0124491, 0.0124583, 0.0124724, 0.0124936, 0.0125255, 0.0125727, 0.0126419, 0.0127423, 0.0128864, 0.0130914, 0.0133798, 0.0137815, 0.0143353, 0.015091, 0.0161118, 0.0174767, 0.0192833, 0.0216505, 0.0247208, 0.0286634, 0.0336745, 0.0399807, 0.0478363, 0.0575248, 0.0693534, 0.0836517, 0.100761, 0.121033, 0.144809, 0.172419, 0.204163, 0.240296, 0.281015, 0.326449, 0.376638, 0.431533, 0.490976, 0.55471, 0.622363, 0.693468, 0.767459, 0.843692, 0.921457, 1, 
1, 0.921209, 0.843197, 0.766723, 0.692497, 0.621167, 0.553299, 0.489366, 0.429734, 0.374667, 0.324319, 0.278743, 0.237895, 0.201649, 0.169806, 0.14211, 0.118259, 0.0979255, 0.0807622, 0.0664202, 0.0545546, 0.0448367, 0.0369567, 0.0306315, 0.0256048, 0.0216505, 0.0185708, 0.0161965, 0.0143845, 0.0130155, 0.0119916, 0.0112337, 0.0106783, 0.0102754, 0.00998617, 0.0097806, 0.00963599, 0.00953532, 0.00946593, 0.00941861, 0.00938667, 0.00936533, 0.00935122, 0.00934199, 0.00933601, 0.00933219, 0.00932977, 0.00932827, 0.00932737, 0.00932686, 0.00932663, 0.00932663, 0.00932686, 0.00932737, 0.00932827, 0.00932977, 0.00933219, 0.00933601, 0.00934199, 0.00935122, 0.00936533, 0.00938667, 0.00941861, 0.00946593, 0.00953532, 0.00963599, 0.0097806, 0.00998617, 0.0102754, 0.0106783, 0.0112337, 0.0119916, 0.0130155, 0.0143845, 0.0161965, 0.0185708, 0.0216505, 0.0256048, 0.0306315, 0.0369567, 0.0448367, 0.0545546, 0.0664202, 0.0807622, 0.0979255, 0.118259, 0.14211, 0.169806, 0.201649, 0.237895, 0.278743, 0.324319, 0.374667, 0.429734, 0.489366, 0.553299, 0.621167, 0.692497, 0.766723, 0.843197, 0.921209, 1, 
1, 0.921017, 0.842815, 0.766154, 0.691748, 0.620245, 0.552212, 0.488123, 0.428347, 0.373146, 0.322677, 0.27699, 0.236044, 0.199711, 0.167792, 0.140028, 0.116121, 0.0957383, 0.0785346, 0.0641581, 0.0522648, 0.0425237, 0.0346254, 0.0282852, 0.023247, 0.0192833, 0.0161965, 0.0138167, 0.0120005, 0.0106284, 0.00960225, 0.00884258, 0.00828593, 0.00788214, 0.00759225, 0.00738621, 0.00724129, 0.00714039, 0.00707086, 0.00702343, 0.00699142, 0.00697003, 0.0069559, 0.00694664, 0.00694066, 0.00693682, 0.0069344, 0.0069329, 0.006932, 0.00693149, 0.00693126, 0.00693126, 0.00693149, 0.006932, 0.0069329, 0.0069344, 0.00693682, 0.00694066, 0.00694664, 0.0069559, 0.00697003, 0.00699142, 0.00702343, 0.00707086, 0.00714039, 0.00724129, 0.00738621, 0.00759225, 0.00788214, 0.00828593, 0.00884258, 0.00960225, 0.0106284, 0.0120005, 0.0138167, 0.0161965, 0.0192833, 0.023247, 0.0282852, 0.0346254, 0.0425237, 0.0522648, 0.0641581, 0.0785346, 0.0957383, 0.116121, 0.140028, 0.167792, 0.199711, 0.236044, 0.27699, 0.322677, 0.373146, 0.428347, 0.488123, 0.552212, 0.620245, 0.691748, 0.766154, 0.842815, 0.921017, 1, 
1, 0.92087, 0.842523, 0.76572, 0.691176, 0.619541, 0.551382, 0.487174, 0.427287, 0.371985, 0.321422, 0.275652, 0.23463, 0.198231, 0.166253, 0.13844, 0.114488, 0.0940691, 0.0768338, 0.0624318, 0.0505169, 0.0407585, 0.0328459, 0.0264946, 0.0214473, 0.0174767, 0.0143845, 0.0120005, 0.0101811, 0.00880665, 0.00777871, 0.00701777, 0.00646014, 0.00605568, 0.00576528, 0.00555892, 0.00541375, 0.00531268, 0.00524303, 0.00519553, 0.00516347, 0.00514205, 0.00512788, 0.00511862, 0.00511262, 0.00510878, 0.00510636, 0.00510485, 0.00510395, 0.00510344, 0.00510321, 0.00510321, 0.00510344, 0.00510395, 0.00510485, 0.00510636, 0.00510878, 0.00511262, 0.00511862, 0.00512788, 0.00514205, 0.00516347, 0.00519553, 0.00524303, 0.00531268, 0.00541375, 0.00555892, 0.00576528, 0.00605568, 0.00646014, 0.00701777, 0.00777871, 0.00880665, 0.0101811, 0.0120005, 0.0143845, 0.0174767, 0.0214473, 0.0264946, 0.0328459, 0.0407585, 0.0505169, 0.0624318, 0.0768338, 0.0940691, 0.114488, 0.13844, 0.166253, 0.198231, 0.23463, 0.275652, 0.321422, 0.371985, 0.427287, 0.487174, 0.551382, 0.619541, 0.691176, 0.76572, 0.842523, 0.92087, 1, 
1, 0.920759, 0.842303, 0.765392, 0.690744, 0.619008, 0.550754, 0.486457, 0.426487, 0.371107, 0.320475, 0.27464, 0.233562, 0.197112, 0.165091, 0.137239, 0.113255, 0.0928075, 0.075549, 0.0611272, 0.0491963, 0.0394246, 0.0315016, 0.0251416, 0.0200877, 0.0161118, 0.0130155, 0.0106284, 0.00880665, 0.00743034, 0.0064011, 0.00563915, 0.00508083, 0.00467585, 0.00438509, 0.00417846, 0.00403311, 0.00393192, 0.00386219, 0.00381463, 0.00378252, 0.00376108, 0.0037469, 0.00373762, 0.00373162, 0.00372777, 0.00372535, 0.00372384, 0.00372293, 0.00372242, 0.00372219, 0.00372219, 0.00372242, 0.00372293, 0.00372384, 0.00372535, 0.00372777, 0.00373162, 0.00373762, 0.0037469, 0.00376108, 0.00378252, 0.00381463, 0.00386219, 0.00393192, 0.00403311, 0.00417846, 0.00438509, 0.00467585, 0.00508083, 0.00563915, 0.0064011, 0.00743034, 0.00880665, 0.0106284, 0.0130155, 0.0161118, 0.0200877, 0.0251416, 0.0315016, 0.0394246, 0.0491963, 0.0611272, 0.075549, 0.0928075, 0.113255, 0.137239, 0.165091, 0.197112, 0.233562, 0.27464, 0.320475, 0.371107, 0.426487, 0.486457, 0.550754, 0.619008, 0.690744, 0.765392, 0.842303, 0.920759, 1, 
1, 0.920676, 0.842138, 0.765147, 0.69042, 0.61861, 0.550284, 0.48592, 0.425888, 0.370451, 0.319765, 0.273884, 0.232763, 0.196276, 0.164221, 0.136341, 0.112332, 0.091864, 0.0745878, 0.0601515, 0.0482085, 0.0384271, 0.030496, 0.0241298, 0.0190708, 0.015091, 0.0119916, 0.00960225, 0.00777871, 0.0064011, 0.00537084, 0.00460819, 0.00404933, 0.00364397, 0.00335294, 0.00314611, 0.00300063, 0.00289935, 0.00282955, 0.00278195, 0.00274982, 0.00272835, 0.00271416, 0.00270487, 0.00269887, 0.00269502, 0.00269259, 0.00269108, 0.00269017, 0.00268966, 0.00268943, 0.00268943, 0.00268966, 0.00269017, 0.00269108, 0.00269259, 0.00269502, 0.00269887, 0.00270487, 0.00271416, 0.00272835, 0.00274982, 0.00278195, 0.00282955, 0.00289935, 0.00300063, 0.00314611, 0.00335294, 0.00364397, 0.00404933, 0.00460819, 0.00537084, 0.0064011, 0.00777871, 0.00960225, 0.0119916, 0.015091, 0.0190708, 0.0241298, 0.030496, 0.0384271, 0.0482085, 0.0601515, 0.0745878, 0.091864, 0.112332, 0.136341, 0.164221, 0.196276, 0.232763, 0.273884, 0.319765, 0.370451, 0.425888, 0.48592, 0.550284, 0.61861, 0.69042, 0.765147, 0.842138, 0.920676, 1, 
1, 0.920615, 0.842016, 0.764965, 0.690181, 0.618314, 0.549937, 0.485523, 0.425444, 0.369964, 0.31924, 0.273323, 0.232171, 0.195656, 0.163577, 0.135675, 0.111649, 0.0911652, 0.0738762, 0.059429, 0.0474772, 0.0376884, 0.0297516, 0.0233806, 0.018318, 0.0143353, 0.0112337, 0.00884258, 0.00701777, 0.00563915, 0.00460819, 0.00384499, 0.00328575, 0.0028801, 0.00258887, 0.00238191, 0.00223633, 0.00213497, 0.00206513, 0.0020175, 0.00198534, 0.00196386, 0.00194966, 0.00194037, 0.00193436, 0.00193051, 0.00192808, 0.00192657, 0.00192566, 0.00192515, 0.00192492, 0.00192492, 0.00192515, 0.00192566, 0.00192657, 0.00192808, 0.00193051, 0.00193436, 0.00194037, 0.00194966, 0.00196386, 0.00198534, 0.0020175, 0.00206513, 0.00213497, 0.00223633, 0.00238191, 0.00258887, 0.0028801, 0.00328575, 0.00384499, 0.00460819, 0.00563915, 0.00701777, 0.00884258, 0.0112337, 0.0143353, 0.018318, 0.0233806, 0.0297516, 0.0376884, 0.0474772, 0.059429, 0.0738762, 0.0911652, 0.111649, 0.135675, 0.163577, 0.195656, 0.232171, 0.273323, 0.31924, 0.369964, 0.425444, 0.485523, 0.549937, 0.618314, 0.690181, 0.764965, 0.842016, 0.920615, 1, 
1, 0.92057, 0.841926, 0.764832, 0.690005, 0.618098, 0.549681, 0.485231, 0.425118, 0.369608, 0.318855, 0.272912, 0.231737, 0.195202, 0.163105, 0.135188, 0.111148, 0.0906532, 0.0733546, 0.0588996, 0.0469412, 0.0371472, 0.029206, 0.0228317, 0.0177663, 0.0137815, 0.0106783, 0.00828593, 0.00646014, 0.00508083, 0.00404933, 0.00328575, 0.00272621, 0.00232037, 0.00202899, 0.00182193, 0.00167627, 0.00157487, 0.00150499, 0.00145734, 0.00142517, 0.00140368, 0.00138947, 0.00138018, 0.00137416, 0.00137031, 0.00136788, 0.00136637, 0.00136546, 0.00136495, 0.00136472, 0.00136472, 0.00136495, 0.00136546, 0.00136637, 0.00136788, 0.00137031, 0.00137416, 0.00138018, 0.00138947, 0.00140368, 0.00142517, 0.00145734, 0.00150499, 0.00157487, 0.00167627, 0.00182193, 0.00202899, 0.00232037, 0.00272621, 0.00328575, 0.00404933, 0.00508083, 0.00646014, 0.00828593, 0.0106783, 0.0137815, 0.0177663, 0.0228317, 0.029206, 0.0371472, 0.0469412, 0.0588996, 0.0733546, 0.0906532, 0.111148, 0.135188, 0.163105, 0.195202, 0.231737, 0.272912, 0.318855, 0.369608, 0.425118, 0.485231, 0.549681, 0.618098, 0.690005, 0.764832, 0.841926, 0.92057, 1, 
1, 0.920537, 0.841861, 0.764735, 0.689877, 0.617941, 0.549496, 0.485019, 0.424882, 0.369349, 0.318575, 0.272614, 0.231423, 0.194872, 0.162762, 0.134834, 0.110785, 0.0902816, 0.0729762, 0.0585154, 0.0465524, 0.0367545, 0.0288103, 0.0224335, 0.0173662, 0.0133798, 0.0102754, 0.00788214, 0.00605568, 0.00467585, 0.00364397, 0.0028801, 0.00232037, 0.00191438, 0.0016229, 0.00141576, 0.00127005, 0.00116862, 0.00109872, 0.00105104, 0.00101886, 0.000997367, 0.000983155, 0.000973857, 0.00096784, 0.000963988, 0.000961556, 0.000960045, 0.000959135, 0.000958624, 0.000958395, 0.000958395, 0.000958624, 0.000959135, 0.000960045, 0.000961556, 0.000963988, 0.00096784, 0.000973857, 0.000983155, 0.000997367, 0.00101886, 0.00105104, 0.00109872, 0.00116862, 0.00127005, 0.00141576, 0.0016229, 0.00191438, 0.00232037, 0.0028801, 0.00364397, 0.00467585, 0.00605568, 0.00788214, 0.0102754, 0.0133798, 0.0173662, 0.0224335, 0.0288103, 0.0367545, 0.0465524, 0.0585154, 0.0729762, 0.0902816, 0.110785, 0.134834, 0.162762, 0.194872, 0.231423, 0.272614, 0.318575, 0.369349, 0.424882, 0.485019, 0.549496, 0.617941, 0.689877, 0.764735, 0.841861, 0.920537, 1, 
1, 0.920514, 0.841814, 0.764665, 0.689786, 0.617828, 0.549363, 0.484867, 0.424713, 0.369163, 0.318374, 0.2724, 0.231196, 0.194635, 0.162516, 0.13458, 0.110524, 0.0900148, 0.0727044, 0.0582396, 0.0462732, 0.0364726, 0.0285261, 0.0221475, 0.0170788, 0.0130914, 0.00998617, 0.00759225, 0.00576528, 0.00438509, 0.00335294, 0.00258887, 0.00202899, 0.0016229, 0.00133134, 0.00112415, 0.000978408, 0.000876944, 0.000807027, 0.000759343, 0.000727157, 0.000705655, 0.000691439, 0.000682139, 0.00067612, 0.000672268, 0.000669835, 0.000668324, 0.000667414, 0.000666903, 0.000666674, 0.000666674, 0.000666903, 0.000667414, 0.000668324, 0.000669835, 0.000672268, 0.00067612, 0.000682139, 0.000691439, 0.000705655, 0.000727157, 0.000759343, 0.000807027, 0.000876944, 0.000978408, 0.00112415, 0.00133134, 0.0016229, 0.00202899, 0.00258887, 0.00335294, 0.00438509, 0.00576528, 0.00759225, 0.00998617, 0.0130914, 0.0170788, 0.0221475, 0.0285261, 0.0364726, 0.0462732, 0.0582396, 0.0727044, 0.0900148, 0.110524, 0.13458, 0.162516, 0.194635, 0.231196, 0.2724, 0.318374, 0.369163, 0.424713, 0.484867, 0.549363, 0.617828, 0.689786, 0.764665, 0.841814, 0.920514, 1, 
1, 0.920497, 0.841781, 0.764616, 0.68972, 0.617748, 0.549269, 0.484759, 0.424592, 0.369031, 0.318232, 0.272248, 0.231036, 0.194467, 0.162341, 0.134399, 0.110338, 0.0898251, 0.0725113, 0.0580435, 0.0460747, 0.0362722, 0.0283242, 0.0219443, 0.0168746, 0.0128864, 0.0097806, 0.00738621, 0.00555892, 0.00417846, 0.00314611, 0.00238191, 0.00182193, 0.00141576, 0.00112415, 0.000916917, 0.000771153, 0.000669671, 0.000599742, 0.00055205, 0.000519858, 0.000498352, 0.000484135, 0.000474833, 0.000468813, 0.000464961, 0.000462527, 0.000461015, 0.000460105, 0.000459594, 0.000459365, 0.000459365, 0.000459594, 0.000460105, 0.000461015, 0.000462527, 0.000464961, 0.000468813, 0.000474833, 0.000484135, 0.000498352, 0.000519858, 0.00055205, 0.000599742, 0.000669671, 0.000771153, 0.000916917, 0.00112415, 0.00141576, 0.00182193, 0.00238191, 0.00314611, 0.00417846, 0.00555892, 0.00738621, 0.0097806, 0.0128864, 0.0168746, 0.0219443, 0.0283242, 0.0362722, 0.0460747, 0.0580435, 0.0725113, 0.0898251, 0.110338, 0.134399, 0.162341, 0.194467, 0.231036, 0.272248, 0.318232, 0.369031, 0.424592, 0.484759, 0.549269, 0.617748, 0.68972, 0.764616, 0.841781, 0.920497, 1, 
1, 0.920485, 0.841757, 0.764581, 0.689674, 0.617691, 0.549202, 0.484683, 0.424507, 0.368938, 0.318131, 0.272141, 0.230922, 0.194349, 0.162218, 0.134272, 0.110208, 0.0896916, 0.0723753, 0.0579056, 0.0459351, 0.0361312, 0.0281821, 0.0218014, 0.016731, 0.0127423, 0.00963599, 0.00724129, 0.00541375, 0.00403311, 0.00300063, 0.00223633, 0.00167627, 0.00127005, 0.000978408, 0.000771153, 0.000625371, 0.000523877, 0.00045394, 0.000406242, 0.000374046, 0.000352538, 0.000338319, 0.000329016, 0.000322995, 0.000319142, 0.000316708, 0.000315197, 0.000314287, 0.000313776, 0.000313547, 0.000313547, 0.000313776, 0.000314287, 0.000315197, 0.000316708, 0.000319142, 0.000322995, 0.000329016, 0.000338319, 0.000352538, 0.000374046, 0.000406242, 0.00045394, 0.000523877, 0.000625371, 0.000771153, 0.000978408, 0.00127005, 0.00167627, 0.00223633, 0.00300063, 0.00403311, 0.00541375, 0.00724129, 0.00963599, 0.0127423, 0.016731, 0.0218014, 0.0281821, 0.0361312, 0.0459351, 0.0579056, 0.0723753, 0.0896916, 0.110208, 0.134272, 0.162218, 0.194349, 0.230922, 0.272141, 0.318131, 0.368938, 0.424507, 0.484683, 0.549202, 0.617691, 0.689674, 0.764581, 0.841757, 0.920485, 1, 
1, 0.920477, 0.841741, 0.764557, 0.689642, 0.617652, 0.549156, 0.48463, 0.424448, 0.368873, 0.318061, 0.272066, 0.230844, 0.194266, 0.162132, 0.134184, 0.110117, 0.0895987, 0.0722807, 0.0578095, 0.0458379, 0.036033, 0.0280831, 0.0217018, 0.016631, 0.0126419, 0.00953532, 0.00714039, 0.00531268, 0.00393192, 0.00289935, 0.00213497, 0.00157487, 0.00116862, 0.000876944, 0.000669671, 0.000523877, 0.000422375, 0.000352432, 0.00030473, 0.000272532, 0.000251022, 0.000236801, 0.000227498, 0.000221477, 0.000217624, 0.000215189, 0.000213678, 0.000212767, 0.000212256, 0.000212027, 0.000212027, 0.000212256, 0.000212767, 0.000213678, 0.000215189, 0.000217624, 0.000221477, 0.000227498, 0.000236801, 0.000251022, 0.000272532, 0.00030473, 0.000352432, 0.000422375, 0.000523877, 0.000669671, 0.000876944, 0.00116862, 0.00157487, 0.00213497, 0.00289935, 0.00393192, 0.00531268, 0.00714039, 0.00953532, 0.0126419, 0.016631, 0.0217018, 0.0280831, 0.036033, 0.0458379, 0.0578095, 0.0722807, 0.0895987, 0.110117, 0.134184, 0.162132, 0.194266, 0.230844, 0.272066, 0.318061, 0.368873, 0.424448, 0.48463, 0.549156, 0.617652, 0.689642, 0.764557, 0.841741, 0.920477, 1, 
